1645868413.115920544 1.000000000 -0.000000000 0.000000000 0.000000000 0.000000000 1.000000000 -0.000000000 0.000000000 -0.000000000 0.000000000 1.000000000 -0.000000000 0.000000000 0.000000000 0.000000000 1.000000000
1645868421.215953827 0.998113693 -0.061258409 -0.004057490 0.499331534 0.061294356 0.998075250 0.009423254 -0.049307521 0.003472427 -0.009654181 0.999947368 0.005541770 0.000000000 0.000000000 0.000000000 1.000000000
1645868422.715677738 0.991875201 -0.127051216 -0.006447757 1.003906608 0.127090632 0.991872214 0.006122345 -0.009744951 0.005617499 -0.006892052 0.999960471 -0.007917554 0.000000000 0.000000000 0.000000000 1.000000000
1645868424.415634394 0.981715431 -0.190353929 -0.000440350 1.518192053 0.190353883 0.981715528 -0.000145303 0.097700275 0.000459957 0.000058824 0.999999892 -0.004514578 0.000000000 0.000000000 0.000000000 1.000000000
1645868426.115129471 0.974853267 -0.222579483 -0.010930711 2.016960144 0.222510196 0.974903725 -0.007206888 0.198934138 0.012260497 0.004593464 0.999914286 0.010775797 0.000000000 0.000000000 0.000000000 1.000000000
1645868427.815176725 0.965684458 -0.259495093 0.010762134 2.520408869 0.259435237 0.965737597 0.006652111 0.336807936 -0.012119588 -0.003631763 0.999919960 0.011425240 0.000000000 0.000000000 0.000000000 1.000000000
1645868429.714985132 0.958849768 -0.283886645 -0.003936372 3.016065359 0.283887986 0.958857425 -0.000225599 0.521233559 0.003838464 -0.000901173 0.999992227 0.004661278 0.000000000 0.000000000 0.000000000 1.000000000
1645868431.215128899 0.955552812 -0.294814339 0.001824593 3.518647909 0.294819879 0.955539415 -0.005065991 0.677315414 -0.000249944 0.005378748 0.999985503 0.013080751 0.000000000 0.000000000 0.000000000 1.000000000
1645868432.514899731 0.952674829 -0.303965171 0.003980652 3.996420860 0.303973687 0.952678856 -0.001730685 0.843092918 -0.003266215 0.002858794 0.999990580 0.013678692 0.000000000 0.000000000 0.000000000 1.000000000
1645868433.914882660 0.950203834 -0.311628570 0.000554431 4.468894005 0.311627779 0.950203522 0.001180444 1.028772593 -0.000894682 -0.000948886 0.999999150 0.012167067 0.000000000 0.000000000 0.000000000 1.000000000
1645868435.414958954 0.947342573 -0.320217590 0.001656592 4.963342667 0.320216863 0.947344013 0.000694079 1.196943164 -0.001791619 -0.000127062 0.999998387 0.029555947 0.000000000 0.000000000 0.000000000 1.000000000
1645868436.815085173 0.940147288 -0.340746358 0.003872553 5.449557781 0.340722091 0.940146197 0.005795316 1.405057192 -0.005615499 -0.004128986 0.999975709 0.017743444 0.000000000 0.000000000 0.000000000 1.000000000
1645868438.215046644 0.939795378 -0.341737641 0.000179602 5.920327663 0.341736514 0.939793397 0.002127264 1.589361191 -0.000895755 -0.001937817 0.999997721 0.032226872 0.000000000 0.000000000 0.000000000 1.000000000
1645868439.714809895 0.938033440 -0.346505963 0.005184823 6.421405315 0.346542910 0.937972236 -0.010774749 1.782759666 -0.001129705 0.011903838 0.999928509 0.019864954 0.000000000 0.000000000 0.000000000 1.000000000
1645868441.214887142 0.930506415 -0.366234226 0.005504785 6.908517361 0.366261421 0.930233104 -0.022780349 1.981907845 0.003222210 0.023213451 0.999725339 -0.018691070 0.000000000 0.000000000 0.000000000 1.000000000
1645868442.514823914 0.926251173 -0.376771741 0.010090588 7.373428345 0.376904946 0.925829682 -0.027965375 2.165006161 0.001194397 0.029706154 0.999557961 0.018349223 0.000000000 0.000000000 0.000000000 1.000000000
1645868443.915058374 0.926414037 -0.376390552 0.009337253 7.863976002 0.376506351 0.926129220 -0.022970321 2.364516973 -0.000001691 0.024795563 0.999692543 0.027738644 0.000000000 0.000000000 0.000000000 1.000000000
1645868445.115030766 0.930226739 -0.366589276 0.017044544 8.339652061 0.366861651 0.930115373 -0.017260434 2.531871080 -0.009525902 0.022309107 0.999705737 0.016909609 0.000000000 0.000000000 0.000000000 1.000000000
1645868446.415189266 0.934314755 -0.356298999 0.010342259 8.831970215 0.356359981 0.934336638 -0.004755176 2.741741896 -0.007968887 0.008128398 0.999935211 0.007037790 0.000000000 0.000000000 0.000000000 1.000000000
1645868447.614887476 0.937301530 -0.348516559 -0.001431894 9.346842766 0.348504006 0.937290689 -0.005578741 2.914108038 0.003286385 0.004729942 0.999983414 0.002440740 0.000000000 0.000000000 0.000000000 1.000000000
1645868448.715087652 0.941344190 -0.337437905 -0.002603126 9.829952240 0.337406583 0.941321577 -0.008395685 3.107499123 0.005283401 0.007024917 0.999961367 0.011310314 0.000000000 0.000000000 0.000000000 1.000000000
1645868449.915076733 0.941271110 -0.337651330 -0.000526036 10.335814476 0.337648666 0.941268047 -0.002800414 3.268823147 0.001440705 0.002458333 0.999995940 0.088724732 0.000000000 0.000000000 0.000000000 1.000000000
1645868451.014903069 0.928386340 -0.371592581 -0.004213926 10.801585197 0.371575067 0.928392485 -0.004400295 3.451646805 0.005547294 0.002519384 0.999981440 0.019865982 0.000000000 0.000000000 0.000000000 1.000000000
1645868452.215136528 0.911182317 -0.411973391 0.004970946 11.274454117 0.411988979 0.911185025 -0.002632744 3.660184383 -0.003444831 0.004446885 0.999984179 0.013721438 0.000000000 0.000000000 0.000000000 1.000000000
1645868453.615312338 0.892212240 -0.451540107 0.008297654 11.744242668 0.451522664 0.892250801 0.003973979 3.863938093 -0.009197999 0.000200946 0.999957677 0.006534579 0.000000000 0.000000000 0.000000000 1.000000000
1645868455.115183830 0.876756494 -0.480877047 0.007437500 12.205508232 0.480896671 0.876776698 -0.001006931 4.109138012 -0.006036817 0.004459502 0.999971834 0.010196874 0.000000000 0.000000000 0.000000000 1.000000000
1645868456.515069008 0.854842959 -0.518852822 0.005938328 12.641342163 0.518844398 0.854863429 0.003001287 4.395176411 -0.006633685 0.000515439 0.999977864 -0.022976125 0.000000000 0.000000000 0.000000000 1.000000000
1645868457.715399265 0.839444265 -0.543409237 0.006302985 13.066485405 0.543389881 0.839467811 0.004607890 4.667013645 -0.007795123 -0.000443089 0.999969519 0.020364720 0.000000000 0.000000000 0.000000000 1.000000000
1645868459.015464783 0.829095939 -0.558940421 0.013620930 13.514087677 0.558895235 0.829206319 0.007279955 4.953723907 -0.015363622 0.001576891 0.999880729 0.020864176 0.000000000 0.000000000 0.000000000 1.000000000
1645868460.415241718 0.880217317 -0.474350411 0.014462473 13.972216606 0.473937417 0.880208197 0.024836572 5.241263866 -0.024511225 -0.015007274 0.999586905 -0.003352561 0.000000000 0.000000000 0.000000000 1.000000000
1645868461.915359020 0.917239197 -0.398076140 0.014409794 14.410754204 0.397715485 0.917228734 0.022668077 5.500297070 -0.022240697 -0.015061051 0.999639193 -0.004524057 0.000000000 0.000000000 0.000000000 1.000000000
1645868463.515312433 0.933287999 -0.358958798 0.011049570 14.885447502 0.358782270 0.933297305 0.015212589 5.748264313 -0.015773227 -0.010233337 0.999823226 -0.031728327 0.000000000 0.000000000 0.000000000 1.000000000
1645868464.715343475 0.946682648 -0.321993659 0.010585218 15.371201515 0.321690299 0.946557574 0.023326163 5.951775074 -0.017530394 -0.018677312 0.999671868 -0.038231980 0.000000000 0.000000000 0.000000000 1.000000000
1645868465.914922953 0.961448309 -0.274474749 0.016755904 15.835713387 0.273584472 0.960915170 0.042350599 6.140090942 -0.027725172 -0.036133757 0.998962295 -0.039242260 0.000000000 0.000000000 0.000000000 1.000000000
1645868466.915076017 0.979884464 -0.199431990 0.007302017 16.309942245 0.198887890 0.978915744 0.046557207 6.309948921 -0.016433056 -0.044168401 0.998888936 -0.070415743 0.000000000 0.000000000 0.000000000 1.000000000
1645868468.115284204 0.970212512 -0.242241977 -0.002550768 16.791198730 0.242138690 0.969364511 0.041246805 6.495348454 -0.007519084 -0.040635806 0.999145732 -0.069907546 0.000000000 0.000000000 0.000000000 1.000000000
1645868469.514928341 0.969027038 -0.246556064 0.014025248 17.253448486 0.246150496 0.968892153 0.025650132 6.692209244 -0.019913149 -0.021403350 0.999572590 -0.064398646 0.000000000 0.000000000 0.000000000 1.000000000
1645868470.915354729 0.973475330 -0.228770597 -0.003129849 17.724130630 0.228788202 0.973446939 0.007550875 6.902657032 0.001319324 -0.008066663 0.999966594 -0.095757574 0.000000000 0.000000000 0.000000000 1.000000000
1645868472.115193129 0.985494228 -0.169314278 0.011567285 18.208694458 0.169298457 0.985562050 0.002340611 7.059540749 -0.011796576 -0.000348335 0.999930357 -0.072081506 0.000000000 0.000000000 0.000000000 1.000000000
1645868473.114791870 0.997436238 -0.068329847 0.021259901 18.690097809 0.068121280 0.997622992 0.010385386 7.317501068 -0.021918998 -0.008910509 0.999720041 -0.095041692 0.000000000 0.000000000 0.000000000 1.000000000
1645868474.314924240 0.999990499 0.001345246 0.004146376 19.223644257 -0.001564685 0.998572914 0.053382452 7.431403160 -0.004068646 -0.053388433 0.998565532 -0.108171478 0.000000000 0.000000000 0.000000000 1.000000000
1645868475.415023088 0.999692507 0.023976180 0.006327191 19.747373581 -0.024374839 0.997027755 0.073085718 7.484210014 -0.004556069 -0.073217469 0.997305592 -0.111737318 0.000000000 0.000000000 0.000000000 1.000000000
1645868476.614975214 0.999862614 0.016569523 0.000452059 20.288513184 -0.016561295 0.997486505 0.068894092 7.549266815 0.000690620 -0.068892113 0.997623877 -0.098599836 0.000000000 0.000000000 0.000000000 1.000000000
1645868477.915164948 0.999611858 0.019712939 -0.019685861 20.817140579 -0.018343744 0.997553092 0.067463588 7.583829403 0.020967597 -0.067076290 0.997527509 -0.103287101 0.000000000 0.000000000 0.000000000 1.000000000
1645868479.114823580 0.996694379 0.080706655 0.009313975 21.366941452 -0.081008493 0.995964873 0.038621195 7.560794830 -0.006159404 -0.039248039 0.999210515 -0.089567706 0.000000000 0.000000000 0.000000000 1.000000000
1645868480.015041351 0.999201279 0.029280297 0.027193166 21.883016586 -0.030504951 0.998486158 0.045769415 7.589475155 -0.025811858 -0.046562384 0.998581841 -0.111151569 0.000000000 0.000000000 0.000000000 1.000000000
1645868480.914890528 0.998723762 0.025544926 0.043569538 22.412754059 -0.027775551 0.998292627 0.051384333 7.593940735 -0.042182540 -0.052528922 0.997728092 -0.119658872 0.000000000 0.000000000 0.000000000 1.000000000
1645868481.815113544 0.995181362 0.091285021 0.035792479 22.950708389 -0.093262976 0.993941503 0.058157594 7.587206364 -0.030266713 -0.061215467 0.997665572 -0.154584408 0.000000000 0.000000000 0.000000000 1.000000000
1645868482.614980698 0.993508179 0.106860555 0.039016913 23.517589569 -0.108582358 0.993065948 0.045054358 7.551084518 -0.033931834 -0.048998422 0.998222313 -0.169848934 0.000000000 0.000000000 0.000000000 1.000000000
1645868483.315172434 0.996707943 0.077678872 0.023222152 24.049392700 -0.078548095 0.996138892 0.039211036 7.573960781 -0.020086619 -0.040906007 0.998961073 -0.191017374 0.000000000 0.000000000 0.000000000 1.000000000
1645868484.015182018 0.998201700 0.058876807 0.011264416 24.560441971 -0.059268435 0.997505396 0.038343690 7.591406345 -0.008978761 -0.038942361 0.999201118 -0.184624344 0.000000000 0.000000000 0.000000000 1.000000000
1645868484.715154648 0.998427510 0.053207060 0.017649811 25.060729980 -0.053978659 0.997455071 0.046579891 7.613166332 -0.015126515 -0.047459357 0.998758628 -0.195803687 0.000000000 0.000000000 0.000000000 1.000000000
1645868485.515160084 0.997817680 0.065320298 0.009650702 25.595659256 -0.065810396 0.995722185 0.064856157 7.648880005 -0.005372994 -0.065349736 0.997847956 -0.190630525 0.000000000 0.000000000 0.000000000 1.000000000
1645868486.315001726 0.996476643 0.079861584 0.025620855 26.115648270 -0.081065164 0.995453943 0.049998866 7.656444073 -0.021511393 -0.051899661 0.998420595 -0.202847704 0.000000000 0.000000000 0.000000000 1.000000000
1645868487.215125322 0.999142709 0.039408547 0.012681242 26.642854691 -0.040024958 0.997807049 0.052717120 7.690191746 -0.010575927 -0.053179493 0.998528964 -0.220494509 0.000000000 0.000000000 0.000000000 1.000000000
1645868488.014889717 0.999500990 0.026969756 0.016443940 27.157114029 -0.027999970 0.997425139 0.066023429 7.700314999 -0.014620963 -0.066450912 0.997682567 -0.206294581 0.000000000 0.000000000 0.000000000 1.000000000
1645868488.815159082 0.999373542 0.032437066 0.014154862 27.686382294 -0.033189079 0.997845356 0.056596202 7.731150627 -0.012288549 -0.057030533 0.998296804 -0.212941960 0.000000000 0.000000000 0.000000000 1.000000000
1645868489.615163326 0.998586816 0.051810278 0.011834986 28.204309464 -0.052291153 0.997627693 0.044773006 7.731317520 -0.009487208 -0.045328599 0.998927080 -0.244175166 0.000000000 0.000000000 0.000000000 1.000000000
1645868490.614973068 0.999146447 0.039548651 0.011928160 28.720140457 -0.040102250 0.997922114 0.050430785 7.748868942 -0.009908905 -0.050866085 0.998656325 -0.225879490 0.000000000 0.000000000 0.000000000 1.000000000
1645868491.514951229 0.998229964 0.056846412 0.017476405 29.223148346 -0.057667841 0.997043648 0.050777782 7.687715530 -0.014538204 -0.051695730 0.998557055 -0.242909163 0.000000000 0.000000000 0.000000000 1.000000000
1645868492.415035248 0.996797044 0.078882737 0.013159310 29.784563065 -0.079405456 0.995800234 0.045570469 7.646621227 -0.009509320 -0.046469430 0.998874449 -0.284100145 0.000000000 0.000000000 0.000000000 1.000000000
1645868493.314947605 0.997012611 0.076194660 0.012658059 30.288368225 -0.076610046 0.996395228 0.036434197 7.596146107 -0.009836338 -0.037295088 0.999255885 -0.271929771 0.000000000 0.000000000 0.000000000 1.000000000
1645868494.214970350 0.998516534 0.050764204 0.019690788 30.799617767 -0.051492300 0.997933952 0.038423572 7.573504925 -0.017699563 -0.039380495 0.999067516 -0.296734452 0.000000000 0.000000000 0.000000000 1.000000000
1645868495.115189075 0.998856435 0.045265185 0.015391095 31.303487778 -0.045747459 0.998421698 0.032577350 7.550230503 -0.013892183 -0.033244199 0.999350704 -0.254486740 0.000000000 0.000000000 0.000000000 1.000000000
1645868496.014970779 0.998896199 0.045419060 0.011978860 31.808267593 -0.045683237 0.998696018 0.022788291 7.507404804 -0.010928217 -0.023310370 0.999668545 -0.275510341 0.000000000 0.000000000 0.000000000 1.000000000
1645868497.014972687 0.999646735 0.025884154 0.006034481 32.313232422 -0.026020410 0.999380068 0.023715344 7.464857101 -0.005416889 -0.023863985 0.999700539 -0.298389047 0.000000000 0.000000000 0.000000000 1.000000000
1645868497.914982319 0.999869567 0.001401458 0.016089922 32.812976837 -0.001630859 0.999897088 0.014253183 7.410453796 -0.016068290 -0.014277565 0.999768954 -0.259056538 0.000000000 0.000000000 0.000000000 1.000000000
1645868498.614809752 0.999089788 -0.034301134 0.025357979 33.318038940 0.033854513 0.999267586 0.017837124 7.392879009 -0.025951240 -0.016962407 0.999519289 -0.332259566 0.000000000 0.000000000 0.000000000 1.000000000
1645868499.414978743 0.998966484 -0.040008419 0.021570609 33.880981445 0.039366733 0.998792383 0.029394488 7.492405415 -0.022720587 -0.028514944 0.999335115 -0.328377813 0.000000000 0.000000000 0.000000000 1.000000000
1645868500.214955568 0.999946129 -0.004890322 0.009155484 34.402317047 0.004630736 0.999592627 0.028162690 7.475981236 -0.009289478 -0.028118777 0.999561424 -0.334544033 0.000000000 0.000000000 0.000000000 1.000000000
1645868501.114994526 0.999642351 0.018607207 0.019207841 34.929367065 -0.019115300 0.999462934 0.026616713 7.485816002 -0.018702262 -0.026974358 0.999461160 -0.293129951 0.000000000 0.000000000 0.000000000 1.000000000
1645868502.115072250 0.999842811 0.005334809 0.016908371 35.445102692 -0.006057380 0.999057763 0.042975498 7.538034439 -0.016663173 -0.043071163 0.998933038 -0.344530135 0.000000000 0.000000000 0.000000000 1.000000000
1645868503.014747620 0.999749091 -0.002516018 0.022258135 35.949771881 0.001393245 0.998732391 0.050315707 7.526744843 -0.022356516 -0.050272071 0.998485305 -0.283967435 0.000000000 0.000000000 0.000000000 1.000000000
1645868503.814982891 0.999558168 0.026987656 0.012455310 36.475463867 -0.027546812 0.998507976 0.047148648 7.538865566 -0.011164295 -0.047470920 0.998810227 -0.364375710 0.000000000 0.000000000 0.000000000 1.000000000
1645868504.715232372 0.998472820 0.051247315 0.020633494 37.019012451 -0.051995573 0.997941962 0.037527346 7.513141155 -0.018667854 -0.038542885 0.999082558 -0.356862962 0.000000000 0.000000000 0.000000000 1.000000000
1645868505.714806318 0.998935090 0.038204271 0.025867329 37.575008392 -0.038929984 0.998845120 0.028158188 7.544722080 -0.024761692 -0.029135217 0.999268731 -0.357084543 0.000000000 0.000000000 0.000000000 1.000000000
1645868506.715101004 0.999567942 0.025521655 0.014579929 38.129695892 -0.026090368 0.998849028 0.040248129 7.578329086 -0.013535950 -0.040611135 0.999083337 -0.380132407 0.000000000 0.000000000 0.000000000 1.000000000
1645868507.614965916 0.997191840 0.072057578 0.020399488 38.696132660 -0.072943762 0.996243542 0.046669181 7.581848145 -0.016959990 -0.048026142 0.998702082 -0.418697298 0.000000000 0.000000000 0.000000000 1.000000000
1645868508.415245295 0.998549493 0.050571806 0.018477070 39.226123810 -0.051270805 0.997901363 0.039549646 7.583018780 -0.016438196 -0.040439613 0.999046757 -0.402692437 0.000000000 0.000000000 0.000000000 1.000000000
1645868509.215144396 0.998329642 0.050504202 0.028057994 39.780151367 -0.051522275 0.997992454 0.036830913 7.540370941 -0.026141550 -0.038215004 0.998927541 -0.409383386 0.000000000 0.000000000 0.000000000 1.000000000
1645868510.015010118 0.999163970 0.037739671 0.015718719 40.355693817 -0.038207875 0.998800104 0.030635106 7.510896206 -0.014543699 -0.031210073 0.999407030 -0.442795426 0.000000000 0.000000000 0.000000000 1.000000000
1645868510.715124130 0.998600517 0.038249233 0.036524013 40.890876770 -0.039700706 0.998415531 0.039878336 7.474568367 -0.034940826 -0.041272556 0.998536787 -0.429503500 0.000000000 0.000000000 0.000000000 1.000000000
1645868511.414891481 0.998536705 0.052093173 0.014517206 41.437023163 -0.052482180 0.998233584 0.027844782 7.466516018 -0.013041040 -0.028565931 0.999506838 -0.460602522 0.000000000 0.000000000 0.000000000 1.000000000
1645868512.115036726 0.996065044 0.088336666 0.007145742 41.958164215 -0.088500189 0.995702712 0.027273186 7.439199924 -0.004705813 -0.027798267 0.999602477 -0.451535732 0.000000000 0.000000000 0.000000000 1.000000000
1645868512.915102482 0.994870186 0.101117361 -0.002931384 42.512775421 -0.101031029 0.994647997 0.021635465 7.397649765 0.005103416 -0.021228318 0.999761628 -0.377699673 0.000000000 0.000000000 0.000000000 1.000000000
1645868513.614976645 0.997509142 0.070529281 -0.001064340 43.027702332 -0.070487880 0.997261416 0.022385857 7.372194767 0.002640283 -0.022255074 0.999748839 -0.448659450 0.000000000 0.000000000 0.000000000 1.000000000
1645868514.315209627 0.996564102 0.073280718 0.038599574 43.595249176 -0.074540987 0.996695070 0.032288994 7.385781765 -0.036105845 -0.035055303 0.998732944 -0.474037975 0.000000000 0.000000000 0.000000000 1.000000000
1645868515.015190840 0.993890074 0.108713527 0.019075884 44.132293701 -0.109397221 0.993213964 0.039474928 7.376477242 -0.014654976 -0.041320588 0.999038458 -0.469811440 0.000000000 0.000000000 0.000000000 1.000000000
1645868515.715028048 0.989319923 0.142860741 0.028929190 44.698013306 -0.144203944 0.988211781 0.051407175 7.340645313 -0.021244099 -0.055029845 0.998258686 -0.469424665 0.000000000 0.000000000 0.000000000 1.000000000
1645868516.415099621 0.983288744 0.180633578 0.022688240 45.251239777 -0.181517436 0.982304685 0.046140294 7.275095463 -0.013952278 -0.049487543 0.998677284 -0.494426608 0.000000000 0.000000000 0.000000000 1.000000000
1645868517.114898682 0.973670359 0.224092073 0.041818357 45.838794708 -0.225688527 0.973442799 0.038390189 7.206030846 -0.032104842 -0.046817312 0.998387409 -0.496099949 0.000000000 0.000000000 0.000000000 1.000000000
1645868517.715259075 0.965456803 0.258009734 0.036388731 46.350357056 -0.259236863 0.965202297 0.034362418 7.103321552 -0.026256648 -0.042608731 0.998746757 -0.541055977 0.000000000 0.000000000 0.000000000 1.000000000
1645868518.415062904 0.960550459 0.277236401 0.021972552 46.897068024 -0.277847806 0.960061745 0.032894421 7.009700298 -0.011975475 -0.037701777 0.999217276 -0.461957425 0.000000000 0.000000000 0.000000000 1.000000000
1645868519.115094662 0.960336512 0.278473131 0.014370096 47.455348969 -0.278809331 0.959750944 0.033815427 6.900878906 -0.004375025 -0.036480706 0.999324781 -0.525933504 0.000000000 0.000000000 0.000000000 1.000000000
1645868519.814969063 0.959107298 0.282368690 0.019522157 47.967899323 -0.282890148 0.958571902 0.033362750 6.765718460 -0.009292795 -0.037521083 0.999252627 -0.542681277 0.000000000 0.000000000 0.000000000 1.000000000
1645868520.614980221 0.959973455 0.278619786 0.028670216 48.538574219 -0.279503048 0.959555415 0.033637073 6.705326080 -0.018138707 -0.040304110 0.999022806 -0.528894603 0.000000000 0.000000000 0.000000000 1.000000000
1645868521.314752340 0.964111619 0.262959679 0.036619561 49.039371490 -0.264386887 0.963504591 0.041934200 6.635318756 -0.024256111 -0.050110981 0.998449063 -0.565978348 0.000000000 0.000000000 0.000000000 1.000000000
1645868522.115204334 0.966089890 0.254204992 0.045278552 49.582279205 -0.255637181 0.966331707 0.029200408 6.549496174 -0.036331211 -0.039785101 0.998547540 -0.597733796 0.000000000 0.000000000 0.000000000 1.000000000
1645868522.914925337 0.968285790 0.249781184 -0.005655867 50.088851929 -0.249492110 0.967872658 0.031244285 6.398324013 0.013278393 -0.028842303 0.999495776 -0.557473719 0.000000000 0.000000000 0.000000000 1.000000000
1645868523.715067148 0.987484866 0.156354762 0.020659791 50.604976654 -0.156920760 0.987173125 0.029412533 6.335527420 -0.015796001 -0.032286382 0.999353829 -0.639681578 0.000000000 0.000000000 0.000000000 1.000000000
1645868524.615209579 0.990407275 0.134897605 0.029934350 51.146530151 -0.135863512 0.990178129 0.032990588 6.225161076 -0.025189987 -0.036741104 0.999007285 -0.593375146 0.000000000 0.000000000 0.000000000 1.000000000
1645868525.315145016 0.990384874 0.133936763 0.034622900 51.651386261 -0.134733196 0.990642392 0.021785724 6.125789642 -0.031381003 -0.026241106 0.999162968 -0.590479970 0.000000000 0.000000000 0.000000000 1.000000000
1645868526.015047550 0.988457577 0.150090400 0.020603173 52.223331451 -0.150561440 0.988318672 0.023610495 5.971558571 -0.016818792 -0.026440017 0.999508906 -0.623598576 0.000000000 0.000000000 0.000000000 1.000000000
1645868526.714725256 0.984903996 0.172133103 0.018284235 52.751792908 -0.172364841 0.984960701 0.011949035 5.801330090 -0.015952428 -0.014920212 0.999761425 -0.604532838 0.000000000 0.000000000 0.000000000 1.000000000
1645868527.415019274 0.980591293 0.195510245 0.014712568 53.293994904 -0.195598947 0.980672033 0.004839017 5.661688805 -0.013482127 -0.007622861 0.999880055 -0.603363574 0.000000000 0.000000000 0.000000000 1.000000000
1645868528.114892721 0.987386542 0.158060773 0.009198318 53.812072754 -0.158027820 0.987425685 -0.004209977 5.579600811 -0.009748087 0.002703285 0.999948832 -0.609341919 0.000000000 0.000000000 0.000000000 1.000000000
1645868528.915204048 0.992758239 0.118067739 0.022160492 54.363925934 -0.118153803 0.992991874 0.002610781 5.481097698 -0.021696940 -0.005210221 0.999751017 -0.571443737 0.000000000 0.000000000 0.000000000 1.000000000
1645868529.715161085 0.994572605 0.103069360 0.014214088 54.879600525 -0.103050698 0.994674011 -0.002041067 5.426065922 -0.014348755 0.000565218 0.999896892 -0.637543321 0.000000000 0.000000000 0.000000000 1.000000000
1645868530.615020514 0.996314939 0.083207260 0.020810899 55.406185150 -0.083085615 0.996520260 -0.006644675 5.357549667 -0.021291368 0.004891102 0.999761349 -0.632889509 0.000000000 0.000000000 0.000000000 1.000000000
1645868531.715395212 0.996564632 0.082474652 0.007541002 55.939777374 -0.082344364 0.996472154 -0.016206554 5.279809952 -0.008851029 0.015529920 0.999840228 -0.643816769 0.000000000 0.000000000 0.000000000 1.000000000
1645868532.514912605 0.994947319 0.099628114 0.012412558 56.472816467 -0.099368688 0.994849480 -0.020009408 5.196298122 -0.014342126 0.018674887 0.999722738 -0.661833823 0.000000000 0.000000000 0.000000000 1.000000000
1645868533.215300560 0.994076087 0.106546269 0.021462175 57.023525238 -0.106225542 0.994220144 -0.015570490 5.115446091 -0.022997105 0.013198421 0.999648406 -0.687631011 0.000000000 0.000000000 0.000000000 1.000000000
1645868533.914785862 0.995381679 0.094705620 0.015689473 57.579143524 -0.094417255 0.995366302 -0.018201831 5.018218040 -0.017340588 0.016636412 0.999711225 -0.702044249 0.000000000 0.000000000 0.000000000 1.000000000
1645868534.615051985 0.997184195 0.073065866 0.016883749 58.120502472 -0.072726609 0.997153296 -0.019903367 4.943568230 -0.018289943 0.018619425 0.999659339 -0.696287930 0.000000000 0.000000000 0.000000000 1.000000000
1645868535.315009356 0.998305084 0.056452642 0.014144215 58.685173035 -0.055976824 0.997917910 -0.032038101 4.873507977 -0.015923401 0.031192051 0.999386562 -0.707869887 0.000000000 0.000000000 0.000000000 1.000000000
1645868536.014791250 0.998712120 0.045277398 0.022892333 59.264823914 -0.044488698 0.998435844 -0.033861800 4.802467346 -0.024389700 0.032799740 0.999164311 -0.709051311 0.000000000 0.000000000 0.000000000 1.000000000
1645868536.714777231 0.998574766 0.050176514 0.018186672 59.824005127 -0.049688964 0.998417463 -0.026335849 4.750766277 -0.019479332 0.025394637 0.999487703 -0.730999708 0.000000000 0.000000000 0.000000000 1.000000000
1645868537.415119648 0.998715702 0.049451260 0.011023566 60.336528778 -0.049143539 0.998436723 -0.026627475 4.678189278 -0.012323096 0.026051540 0.999584643 -0.729082346 0.000000000 0.000000000 0.000000000 1.000000000
1645868538.215050697 0.999567165 0.027664151 0.010008861 60.854381561 -0.027549577 0.999555322 -0.011409635 4.624033928 -0.010320048 0.011128956 0.999884815 -0.745341718 0.000000000 0.000000000 0.000000000 1.000000000
1645868539.014745474 0.999707906 -0.020947798 0.012053749 61.370552063 0.021029041 0.999756727 -0.006653269 4.605163097 -0.011911446 0.006904805 0.999905216 -0.761474133 0.000000000 0.000000000 0.000000000 1.000000000
1645868539.914732933 0.996624822 -0.081148842 0.012402814 61.902061462 0.081287393 0.996628814 -0.011107051 4.570277214 -0.011459677 0.012077755 0.999861392 -0.752585053 0.000000000 0.000000000 0.000000000 1.000000000
1645868540.715011835 0.997357560 -0.072285465 0.007260087 62.413982391 0.072300933 0.997381071 -0.001890842 4.584882736 -0.007104392 0.002410757 0.999971858 -0.752023160 0.000000000 0.000000000 0.000000000 1.000000000
1645868541.515226603 0.999939788 -0.004348835 0.010075146 62.938781738 0.004255509 0.999948015 0.009265953 4.561003208 -0.010114918 -0.009222520 0.999906312 -0.757494092 0.000000000 0.000000000 0.000000000 1.000000000
1645868542.214735985 0.999998956 0.001353713 0.000505892 63.460021973 -0.001355338 0.999993879 0.003225754 4.530807495 -0.000501522 -0.003226437 0.999994669 -0.743345022 0.000000000 0.000000000 0.000000000 1.000000000
1645868542.915001631 0.999635820 -0.002336076 0.026884371 64.036491394 0.001469822 0.999480485 0.032196258 4.567855835 -0.026945617 -0.032145017 0.999119929 -0.759383380 0.000000000 0.000000000 0.000000000 1.000000000
1645868543.714766741 0.999872649 0.001949168 0.015839380 64.604690552 -0.002285210 0.999772106 0.021225291 4.547267437 -0.015794399 -0.021258784 0.999649239 -0.784380555 0.000000000 0.000000000 0.000000000 1.000000000
1645868544.414956808 0.999796159 0.008181869 0.018458006 65.138038635 -0.008523435 0.999792475 0.018502894 4.528120518 -0.018302788 -0.018656448 0.999658414 -0.790171027 0.000000000 0.000000000 0.000000000 1.000000000
1645868545.114981651 0.999458961 0.032337393 0.006006479 65.655670166 -0.032387952 0.999439058 0.008519967 4.424911022 -0.005727596 -0.008709895 0.999945665 -0.796449780 0.000000000 0.000000000 0.000000000 1.000000000
1645868545.815029860 0.999954898 -0.006232514 0.007166363 66.188438416 0.006115967 0.999850526 0.016171583 4.358398438 -0.007266081 -0.016127024 0.999843549 -0.773245752 0.000000000 0.000000000 0.000000000 1.000000000
1645868546.615344048 0.999946428 -0.010350754 -0.000050817 66.721374512 0.010350872 0.999939310 0.003773099 4.310116291 0.000011760 -0.003773423 0.999992881 -0.785313189 0.000000000 0.000000000 0.000000000 1.000000000
1645868547.314634085 0.999810618 -0.011076665 0.016001140 67.230216980 0.011164329 0.999923098 -0.005399685 4.245830536 -0.015940099 0.005577305 0.999857393 -0.793746173 0.000000000 0.000000000 0.000000000 1.000000000
1645868548.114808321 0.999903153 -0.013896930 0.000747957 67.798461914 0.013905984 0.999806769 -0.013894157 4.173720360 -0.000554727 0.013903212 0.999903192 -0.784373283 0.000000000 0.000000000 0.000000000 1.000000000
1645868548.815041780 0.999367055 -0.035047777 0.006094547 68.333961487 0.035171703 0.999148286 -0.021579011 4.169521332 -0.005333059 0.021779709 0.999748570 -0.772318006 0.000000000 0.000000000 0.000000000 1.000000000
1645868549.514862299 0.999846095 -0.014914400 0.009238386 68.893104553 0.015072827 0.999736320 -0.017323391 4.181902885 -0.008977582 0.017459973 0.999807258 -0.805969119 0.000000000 0.000000000 0.000000000 1.000000000
1645868550.215107441 0.999790716 -0.015513533 0.013336211 69.405662537 0.015802552 0.999636434 -0.021846720 4.166263580 -0.012992442 0.022052894 0.999672379 -0.812262535 0.000000000 0.000000000 0.000000000 1.000000000
1645868550.914964676 0.999206579 -0.034633967 0.019664692 69.925437927 0.034939786 0.999270343 -0.015427035 4.180981159 -0.019116044 0.016101875 0.999687604 -0.803183556 0.000000000 0.000000000 0.000000000 1.000000000
1645868551.615044117 0.999518202 -0.021524967 0.022361580 70.456176758 0.021706516 0.999733110 -0.007908016 4.180940628 -0.022185392 0.008389598 0.999718672 -0.841167927 0.000000000 0.000000000 0.000000000 1.000000000
1645868552.314787865 0.999850623 0.012139797 0.012302697 71.010566711 -0.012069785 0.999910630 -0.005749134 4.213058949 -0.012371391 0.005599784 0.999907791 -0.835003495 0.000000000 0.000000000 0.000000000 1.000000000
1645868553.114969730 0.999288568 0.036482600 0.009559126 71.563812256 -0.036380211 0.999281008 -0.010674600 4.176910877 -0.009941690 0.010319243 0.999897333 -0.851001024 0.000000000 0.000000000 0.000000000 1.000000000
1645868553.914786816 0.999750453 0.020983333 0.007663687 72.105049133 -0.020881519 0.999695709 -0.013132056 4.148365974 -0.007936909 0.012968750 0.999884402 -0.831450641 0.000000000 0.000000000 0.000000000 1.000000000
1645868554.614769459 0.999898341 -0.010401192 0.009753140 72.647972107 0.010456024 0.999929721 -0.005587948 4.126618862 -0.009694333 0.005689359 0.999936824 -0.862465918 0.000000000 0.000000000 0.000000000 1.000000000
1645868555.314962149 0.999487277 -0.029346612 0.012804699 73.175254822 0.029448425 0.999535583 -0.007836374 4.144880772 -0.012568782 0.008209434 0.999887309 -0.831244528 0.000000000 0.000000000 0.000000000 1.000000000
1645868556.015129328 0.999148645 -0.038973518 0.013529580 73.698417664 0.039128849 0.999169000 -0.011412419 4.156374454 -0.013073554 0.011932100 0.999843341 -0.888050079 0.000000000 0.000000000 0.000000000 1.000000000
1645868556.714867592 0.999630811 -0.025918009 0.008154623 74.211051941 0.026084202 0.999439558 -0.020980578 4.168142796 -0.007606278 0.021185539 0.999746627 -0.902812004 0.000000000 0.000000000 0.000000000 1.000000000
1645868557.414963722 0.999899779 -0.013352554 0.004705510 74.717384338 0.013484505 0.999481901 -0.029224952 4.165978909 -0.004312845 0.029285475 0.999561784 -0.848461032 0.000000000 0.000000000 0.000000000 1.000000000
1645868558.215150833 0.999857701 -0.014765381 -0.008158450 75.288101196 0.014510991 0.999432268 -0.030406800 4.165456772 0.008602786 0.030284086 0.999504310 -0.862873912 0.000000000 0.000000000 0.000000000 1.000000000
1645868559.015395880 0.999690542 -0.023142925 -0.009122748 75.789665222 0.023058737 0.999691522 -0.009227971 4.189023972 0.009333496 0.009014757 0.999915806 -0.887473166 0.000000000 0.000000000 0.000000000 1.000000000
1645868560.115026951 0.997163984 0.021328182 -0.072174077 76.305145264 -0.022020027 0.999718768 -0.008803632 4.165055752 0.071966014 0.010367940 0.997353197 -0.789362192 0.000000000 0.000000000 0.000000000 1.000000000
1645868561.314743519 0.997777994 0.062663804 -0.022634528 76.805206299 -0.063151600 0.997771901 -0.021519959 4.129859447 0.021235574 0.022901548 0.999512166 -0.815788925 0.000000000 0.000000000 0.000000000 1.000000000
1645868563.015036583 0.995971779 0.057726968 0.068613506 77.319808960 -0.055048946 0.997669964 -0.040302060 4.091830254 -0.070780150 0.036362613 0.996828938 -0.874356449 0.000000000 0.000000000 0.000000000 1.000000000
1645868564.614766359 0.996526260 -0.010716874 0.082586698 77.863014221 0.013278270 0.999445709 -0.030528061 4.114659786 -0.082213755 0.031518623 0.996116195 -0.908519328 0.000000000 0.000000000 0.000000000 1.000000000
1645868567.015208244 0.999119726 0.019993532 0.036878619 78.381881714 -0.019344126 0.999652944 -0.017882860 4.105522633 -0.037223362 0.017153734 0.999159732 -0.919634759 0.000000000 0.000000000 0.000000000 1.000000000
1645868568.614937544 0.999857085 0.015099896 -0.007602743 78.888175964 -0.015288716 0.999559880 -0.025422464 4.094141960 0.007215521 0.025535067 0.999647886 -0.926878393 0.000000000 0.000000000 0.000000000 1.000000000
1645868569.515072346 0.999995236 0.002549805 -0.001739460 79.399093628 -0.002589968 0.999720677 -0.023491704 4.073046207 0.001679075 0.023496097 0.999722519 -0.907581449 0.000000000 0.000000000 0.000000000 1.000000000
1645868570.314799786 0.999499818 -0.029407404 0.011632642 79.942962646 0.029625396 0.999379837 -0.019033582 4.073633671 -0.011065700 0.019368684 0.999751171 -0.926337481 0.000000000 0.000000000 0.000000000 1.000000000
1645868571.115162373 0.999261212 -0.036163797 0.013008058 80.492240906 0.036406262 0.999158097 -0.018912449 4.112641811 -0.012313161 0.019372051 0.999736520 -0.931784570 0.000000000 0.000000000 0.000000000 1.000000000
1645868571.815378666 0.999593679 -0.025081539 0.013542268 81.019531250 0.025282825 0.999569251 -0.014902733 4.147560120 -0.013162651 0.015239064 0.999797237 -0.958624423 0.000000000 0.000000000 0.000000000 1.000000000
1645868572.614720106 0.999686912 -0.017674145 0.017711626 81.561546326 0.017817950 0.999809285 -0.007994609 4.173276424 -0.017566951 0.008307690 0.999811174 -0.947354972 0.000000000 0.000000000 0.000000000 1.000000000
1645868573.414954662 0.999854542 -0.009060268 0.014450153 82.095695496 0.009190535 0.999917496 -0.008974137 4.169062138 -0.014367652 0.009105636 0.999855319 -0.959633112 0.000000000 0.000000000 0.000000000 1.000000000
1645868574.314802647 0.999997709 0.001286562 -0.001710719 82.639518738 -0.001312623 0.999881755 -0.015321624 4.172356129 0.001690804 0.015323835 0.999881154 -0.957786500 0.000000000 0.000000000 0.000000000 1.000000000
1645868575.214814663 0.999850333 -0.011850382 0.012604733 83.146072388 0.011890356 0.999924498 -0.003101194 4.175826073 -0.012567031 0.003250605 0.999915748 -0.970976472 0.000000000 0.000000000 0.000000000 1.000000000
1645868576.215407848 0.999205135 -0.039859909 0.000535023 83.654289246 0.039863497 0.999110308 -0.013765700 4.171405315 0.000014152 0.013776086 0.999905105 -0.964419663 0.000000000 0.000000000 0.000000000 1.000000000
1645868577.214958429 0.998395116 -0.055020206 0.013415291 84.205902100 0.055161850 0.998422978 -0.010427212 4.172340870 -0.012820427 0.011150489 0.999855641 -0.961438179 0.000000000 0.000000000 0.000000000 1.000000000
1645868578.315024614 0.995638934 -0.093186087 0.004412119 84.707542419 0.093252891 0.995466516 -0.018716644 4.229389668 -0.002647986 0.019046463 0.999815093 -0.974846423 0.000000000 0.000000000 0.000000000 1.000000000
1645868579.515077591 0.987326435 -0.157946076 0.015477317 85.238281250 0.158118635 0.987362833 -0.010636413 4.302649975 -0.013601748 0.012948864 0.999823644 -1.004929304 0.000000000 0.000000000 0.000000000 1.000000000
1645868580.814661264 0.972199779 -0.233455470 0.018059140 85.760581970 0.233386796 0.972366378 0.005850676 4.423136711 -0.018925973 -0.001473261 0.999819802 -0.995358407 0.000000000 0.000000000 0.000000000 1.000000000
1645868582.114971161 0.940737317 -0.339112279 0.004020364 86.240966797 0.339093314 0.940740832 0.004734086 4.609511852 -0.005387507 -0.003090252 0.999980712 -0.965034664 0.000000000 0.000000000 0.000000000 1.000000000
1645868583.415903568 0.919846778 -0.391921915 0.016706825 86.720275879 0.392091510 0.919888173 -0.008366455 4.850162029 -0.012089413 0.014246460 0.999825427 -0.996736169 0.000000000 0.000000000 0.000000000 1.000000000
1645868584.715985775 0.896676619 -0.442539361 0.011399816 87.178482056 0.442631283 0.896673614 -0.007346996 5.117621899 -0.006970580 0.011633794 0.999908029 -1.012671709 0.000000000 0.000000000 0.000000000 1.000000000
1645868585.915921450 0.868991366 -0.494737999 0.009397827 87.613395691 0.494740252 0.869037995 0.002246442 5.418056011 -0.009278469 0.002697344 0.999953316 -1.046875119 0.000000000 0.000000000 0.000000000 1.000000000
1645868587.115306854 0.838715712 -0.544476149 0.010083501 88.047805786 0.544289055 0.838734237 0.016562142 5.724472523 -0.017475069 -0.008402590 0.999811992 -1.033100128 0.000000000 0.000000000 0.000000000 1.000000000
1645868588.215194941 0.755910133 -0.654391330 0.019283639 88.372764587 0.653877108 0.756114974 0.027108546 6.138054848 -0.032320245 -0.007882495 0.999446481 -1.047358871 0.000000000 0.000000000 0.000000000 1.000000000
1645868589.514986038 0.658631779 -0.752201995 0.019908227 88.664306641 0.751119269 0.658805223 0.042373601 6.546095371 -0.044989151 -0.012955147 0.998903469 -1.030310869 0.000000000 0.000000000 0.000000000 1.000000000
1645868591.014662266 0.524872085 -0.850947842 0.019926488 88.853370667 0.850128016 0.525243194 0.037442540 7.026889801 -0.042327901 -0.002712478 0.999100091 -1.106160760 0.000000000 0.000000000 0.000000000 1.000000000
1645868592.714741468 0.421597763 -0.906767754 -0.005250366 88.950477600 0.905838804 0.420887578 0.048059414 7.525485039 -0.041368913 -0.025017727 0.998830680 -1.105119348 0.000000000 0.000000000 0.000000000 1.000000000
1645868594.514958858 0.257718913 -0.966006929 0.020287311 88.964462280 0.965147056 0.258365184 0.041696429 8.036577225 -0.045520574 0.008834280 0.998924338 -1.157528877 0.000000000 0.000000000 0.000000000 1.000000000
1645868595.814986706 0.182753135 -0.983012989 0.016933815 88.983367920 0.982714332 0.183161283 0.026916262 8.576286316 -0.029560655 0.011722072 0.999494252 -1.127326488 0.000000000 0.000000000 0.000000000 1.000000000
1645868596.815037012 0.161182850 -0.986771029 0.017407619 88.989906311 0.986328956 0.161673209 0.031889883 9.086729050 -0.034282358 0.012029537 0.999339787 -1.143893480 0.000000000 0.000000000 0.000000000 1.000000000
1645868598.014878750 0.147669154 -0.989029598 0.003778299 89.000083923 0.988300952 0.147705545 0.038003942 9.582614899 -0.038145100 -0.001877913 0.999270446 -1.256378055 0.000000000 0.000000000 0.000000000 1.000000000
1645868599.315021753 0.045373004 -0.998847613 0.015644028 88.936637878 0.998063003 0.045993460 0.041890851 10.094060898 -0.042562100 0.013713012 0.998999710 -1.199198604 0.000000000 0.000000000 0.000000000 1.000000000
1645868600.515113354 0.063632063 -0.997838373 0.016417757 88.904548645 0.997229628 0.064211067 0.037550081 10.637972832 -0.038523114 0.013982884 0.999159871 -1.172407746 0.000000000 0.000000000 0.000000000 1.000000000
1645868601.514753103 0.056150549 -0.998087009 0.025873516 88.876861572 0.998061900 0.056807671 0.025403390 11.175165176 -0.026824607 0.024396956 0.999342398 -1.159218907 0.000000000 0.000000000 0.000000000 1.000000000
1645868602.615020275 0.075853764 -0.996819793 0.024423489 88.908218384 0.996860717 0.076368787 0.020893037 11.703304291 -0.022691785 0.022762001 0.999483354 -1.229619861 0.000000000 0.000000000 0.000000000 1.000000000
1645868604.014888763 0.043420724 -0.998736836 0.025285843 88.895118713 0.998865697 0.043893623 0.018457209 12.231807709 -0.019543782 0.024455735 0.999509859 -1.254891753 0.000000000 0.000000000 0.000000000 1.000000000
1645868605.215143681 -0.054508241 -0.998217176 0.024317086 88.813964844 0.998383497 -0.054092291 0.017447568 12.762834549 -0.016101095 0.025228814 0.999552031 -1.289550304 0.000000000 0.000000000 0.000000000 1.000000000
1645868606.315076828 -0.129079125 -0.991246626 0.027725561 88.787208557 0.991428758 -0.128432682 0.023959619 13.277087212 -0.020189024 0.030580605 0.999328389 -1.250344992 0.000000000 0.000000000 0.000000000 1.000000000
1645868607.315170527 -0.121630800 -0.992041538 0.032550500 88.731948853 0.992516014 -0.121199341 0.014922532 13.769115448 -0.010858673 0.034121932 0.999358686 -1.323157787 0.000000000 0.000000000 0.000000000 1.000000000
1645868608.415412426 -0.089005139 -0.995495121 0.032673376 88.703536987 0.995885430 -0.088383086 0.020016008 14.268557549 -0.017038065 0.034320467 0.999265635 -1.250260592 0.000000000 0.000000000 0.000000000 1.000000000
1645868609.614852428 -0.052530639 -0.998173279 0.029843559 88.674613953 0.998561416 -0.052182331 0.012333011 14.798953056 -0.010753176 0.030448488 0.999478493 -1.296253443 0.000000000 0.000000000 0.000000000 1.000000000
1645868610.715026855 -0.037442540 -0.998570978 0.038132121 88.696044922 0.999291976 -0.037274181 0.005116797 15.302950859 -0.003688141 0.038296709 0.999259606 -1.328110933 0.000000000 0.000000000 0.000000000 1.000000000
1645868611.815074682 -0.016433953 -0.999069668 0.039871347 88.732086182 0.999631671 -0.015555700 0.022238332 15.804313660 -0.021597416 0.040222125 0.998957323 -1.321145058 0.000000000 0.000000000 0.000000000 1.000000000
1645868613.015067816 -0.001746316 -0.999192922 0.040130481 88.759605408 0.999780289 -0.000906266 0.020941644 16.324724197 -0.020888374 0.040158235 0.998974971 -1.301424980 0.000000000 0.000000000 0.000000000 1.000000000
1645868614.115078926 0.004118035 -0.999140720 0.041241533 88.839485168 0.999848004 0.004812641 0.016757302 16.860280991 -0.016941383 0.041166257 0.999008673 -1.351328969 0.000000000 0.000000000 0.000000000 1.000000000
1645868615.014804602 0.012862748 -0.999050533 0.041624288 88.895805359 0.999619789 0.013863121 0.023834660 17.368642807 -0.024389072 0.041301883 0.998849001 -1.340297580 0.000000000 0.000000000 0.000000000 1.000000000
1645868615.915419817 0.008911770 -0.999125737 0.040845354 88.956398010 0.999501725 0.010137147 0.029892131 17.881219864 -0.030280053 0.040558610 0.998718237 -1.342500567 0.000000000 0.000000000 0.000000000 1.000000000
1645868616.915112734 0.023074301 -0.998951531 0.039540056 88.972854614 0.999448713 0.023994056 0.022946815 18.407630920 -0.023871482 0.038988777 0.998954467 -1.388632059 0.000000000 0.000000000 0.000000000 1.000000000
1645868618.015031099 0.004794663 -0.999235966 0.038787833 88.993713379 0.999642286 0.005809998 0.026106399 18.948984146 -0.026311810 0.038648786 0.998906382 -1.369854331 0.000000000 0.000000000 0.000000000 1.000000000
1645868619.015073776 0.009129284 -0.998976691 0.044297040 88.986557007 0.999715655 0.010093997 0.021603710 19.465089798 -0.022028737 0.044087218 0.998784788 -1.423376560 0.000000000 0.000000000 0.000000000 1.000000000
1645868620.214806557 0.005314616 -0.999116286 0.041694157 88.965705872 0.999802213 0.006108103 0.018926879 19.998853683 -0.019164825 0.041585321 0.998951135 -1.442411423 0.000000000 0.000000000 0.000000000 1.000000000
1645868621.214904070 -0.003729771 -0.999153612 0.040965213 88.984603882 0.999746712 -0.002816502 0.022328904 20.499898911 -0.022194627 0.041038118 0.998911043 -1.424929619 0.000000000 0.000000000 0.000000000 1.000000000
1645868622.414912462 -0.020825338 -0.998862373 0.042898318 88.961204529 0.999633507 -0.020060748 0.018177381 21.033628464 -0.017296130 0.043261147 0.998914069 -1.467944384 0.000000000 0.000000000 0.000000000 1.000000000
1645868623.615127802 -0.042153140 -0.998310344 0.039994619 88.924049377 0.998875376 -0.041239794 0.023393654 21.552721024 -0.021704757 0.040935756 0.998926007 -1.468351603 0.000000000 0.000000000 0.000000000 1.000000000
1645868624.614811659 -0.048356540 -0.997899074 0.043117097 88.910583496 0.998637756 -0.047454955 0.021694672 22.072582245 -0.019602973 0.044107440 0.998834449 -1.483573675 0.000000000 0.000000000 0.000000000 1.000000000
1645868625.715034962 -0.056374434 -0.997425447 0.044321557 88.912399292 0.998252208 -0.055521524 0.020245731 22.575683594 -0.017732806 0.045385434 0.998812149 -1.448475003 0.000000000 0.000000000 0.000000000 1.000000000
1645868627.515043497 -0.172680284 -0.983967647 0.044600318 88.866645813 0.984966957 -0.172287529 0.012533977 23.097440720 -0.004648950 0.046094210 0.998926279 -1.474468946 0.000000000 0.000000000 0.000000000 1.000000000
1645868630.014742851 -0.355955467 -0.933359998 0.046204108 88.672286987 0.934492405 -0.355750656 0.012861390 23.565500259 0.004432835 0.047755470 0.998849220 -1.521771312 0.000000000 0.000000000 0.000000000 1.000000000
1645868632.115039825 -0.537143848 -0.842434003 0.042207069 88.484344482 0.843486315 -0.536628731 0.023673644 23.981468201 0.002706043 0.048317237 0.998828375 -1.435879946 0.000000000 0.000000000 0.000000000 1.000000000
1645868634.315537930 -0.681021466 -0.730966636 0.043560769 88.165313721 0.732066433 -0.681012347 0.017347057 24.373600006 0.016985302 0.043703094 0.998900165 -1.456748247 0.000000000 0.000000000 0.000000000 1.000000000
1645868636.315766573 -0.800901878 -0.597162405 0.044195508 87.789329529 0.598368322 -0.800935261 0.021402306 24.708316803 0.022617088 0.043586339 0.998793622 -1.452616692 0.000000000 0.000000000 0.000000000 1.000000000
1645868638.115911961 -0.907734556 -0.418203916 0.033518045 87.326828003 0.418881949 -0.907892806 0.016387979 24.962776184 0.023577275 0.028916039 0.999303745 -1.461538196 0.000000000 0.000000000 0.000000000 1.000000000
1645868639.815757990 -0.974920856 -0.220389582 0.030947633 86.824584961 0.221202821 -0.974884415 0.025878371 24.940452576 0.024467042 0.032075067 0.999185946 -1.432717681 0.000000000 0.000000000 0.000000000 1.000000000
1645868641.415184498 -0.999331149 -0.017518437 0.032099203 86.319038391 0.018145338 -0.999648217 0.019343987 24.942003250 0.031749035 0.019913500 0.999297479 -1.400284052 0.000000000 0.000000000 0.000000000 1.000000000
1645868642.614783764 -0.999583400 -0.010906547 0.026722153 85.766990662 0.011466670 -0.999715850 0.020898213 24.912731171 0.026486633 0.021195921 0.999424430 -1.445107698 0.000000000 0.000000000 0.000000000 1.000000000
1645868643.615126133 -0.999140929 -0.038056117 0.016405366 85.236686707 0.038419605 -0.999009652 0.022442134 24.900602341 0.015535058 0.023053142 0.999613533 -1.409683585 0.000000000 0.000000000 0.000000000 1.000000000
1645868644.514878035 -0.999102121 -0.036698370 0.021170301 84.711936951 0.037059125 -0.999170033 0.016907593 24.898227692 0.020532249 0.017676965 0.999632908 -1.399878502 0.000000000 0.000000000 0.000000000 1.000000000
1645868645.415005445 -0.999626203 -0.019357230 0.019306802 84.168556213 0.019697770 -0.999650936 0.017606933 24.862552643 0.018959241 0.017980652 0.999658563 -1.384767652 0.000000000 0.000000000 0.000000000 1.000000000
1645868646.215013027 -0.999814760 0.000235895 0.019245516 83.633682251 0.000045379 -0.999893220 0.014613255 24.835033417 0.019246908 0.014611422 0.999707989 -1.376388431 0.000000000 0.000000000 0.000000000 1.000000000
1645868647.015511751 -0.999863770 0.010638781 0.012619759 83.083808903 -0.010478621 -0.999864570 0.012690185 24.767387355 0.012753058 0.012556219 0.999839838 -1.370911479 0.000000000 0.000000000 0.000000000 1.000000000
1645868647.815218449 -0.999864499 0.004987503 0.015687862 82.531654365 -0.004836395 -0.999941689 0.009655449 24.719579627 0.015735103 0.009578268 0.999830317 -1.338077188 0.000000000 0.000000000 0.000000000 1.000000000
1645868648.514753342 -0.999843533 -0.009449740 0.014953685 82.021736156 0.009563997 -0.999925475 0.007587784 24.668281453 0.014880868 0.007729614 0.999859397 -1.334400296 0.000000000 0.000000000 0.000000000 1.000000000
1645868649.215083838 -0.999536616 -0.025367564 0.016823786 81.492492688 0.025501487 -0.999644400 0.007794144 24.650457246 0.016620085 0.008219564 0.999828091 -1.327535748 0.000000000 0.000000000 0.000000000 1.000000000
1645868649.914813995 -0.999016085 -0.042053034 0.014085592 80.967422500 0.042144567 -0.999091876 0.006265659 24.610145399 0.013809311 0.006853125 0.999881162 -1.325607538 0.000000000 0.000000000 0.000000000 1.000000000
1645868650.614808083 -0.998400373 -0.052475870 0.021047047 80.457481400 0.052480558 -0.998621891 -0.000329924 24.581647671 0.021035355 0.000775165 0.999778432 -1.344607472 0.000000000 0.000000000 0.000000000 1.000000000
1645868651.415253878 -0.999401444 -0.031789198 0.013645499 79.882720967 0.031808737 -0.999493233 0.001217188 24.528962851 0.013599890 0.001650506 0.999906155 -1.408592820 0.000000000 0.000000000 0.000000000 1.000000000
1645868652.115022421 -0.999737508 -0.021801859 0.007042245 79.366683980 0.021821945 -0.999757985 0.002788115 24.513440815 0.006979755 0.002941059 0.999971316 -1.287030220 0.000000000 0.000000000 0.000000000 1.000000000
1645868652.815350771 -0.999109101 -0.041185527 0.009206308 78.811134362 0.041230993 -0.999138089 0.004804569 24.457631758 0.009000495 0.005179874 0.999946079 -1.288873672 0.000000000 0.000000000 0.000000000 1.000000000
1645868653.515024662 -0.998161411 -0.059663849 0.010678097 78.259338406 0.059675562 -0.998217520 0.000781359 24.412315027 0.010612445 0.001417144 0.999942682 -1.281508088 0.000000000 0.000000000 0.000000000 1.000000000
1645868654.215035439 -0.997716147 -0.066044375 0.014164390 77.740295439 0.066114271 -0.997801803 0.004523920 24.380525215 0.013834475 0.005450056 0.999889446 -1.301581144 0.000000000 0.000000000 0.000000000 1.000000000
1645868654.914819002 -0.998177320 -0.059541507 0.009841086 77.194541961 0.059594593 -0.998209161 0.005191870 24.357928820 0.009514331 0.005768883 0.999938097 -1.281707764 0.000000000 0.000000000 0.000000000 1.000000000
1645868655.514765978 -0.998484845 -0.054092520 0.010100189 76.686561616 0.054128934 -0.998528277 0.003367214 24.343333756 0.009903183 0.003908824 0.999943322 -1.285179138 0.000000000 0.000000000 0.000000000 1.000000000
1645868656.214844704 -0.998640356 -0.051328806 0.009099098 76.129905735 0.051370148 -0.998670124 0.004369364 24.297149181 0.008862723 0.004830845 0.999949056 -1.286031365 0.000000000 0.000000000 0.000000000 1.000000000
1645868656.914875507 -0.998182462 -0.058948494 0.012523892 75.581436194 0.059033182 -0.998234837 0.006503337 24.257834876 0.012118424 0.007230842 0.999900424 -1.277445316 0.000000000 0.000000000 0.000000000 1.000000000
1645868657.614886522 -0.996060717 -0.087522955 0.014240120 75.027221718 0.087596141 -0.996145457 0.004598387 24.234519411 0.013782766 0.005827652 0.999888031 -1.265155792 0.000000000 0.000000000 0.000000000 1.000000000
1645868658.314902782 -0.994111685 -0.107581784 0.012965993 74.461395300 0.107637542 -0.994183392 0.003680018 24.258775127 0.012494672 0.005053977 0.999909166 -1.292681575 0.000000000 0.000000000 0.000000000 1.000000000
1645868659.014753103 -0.994076551 -0.108259756 0.009572686 73.917617836 0.108339478 -0.994079787 0.008242217 24.234841682 0.008623713 0.009230494 0.999920212 -1.267879009 0.000000000 0.000000000 0.000000000 1.000000000
1645868659.814917564 -0.996413063 -0.082861888 0.017173111 73.350143472 0.082960210 -0.996539846 0.005093071 24.212712587 0.016691668 0.006499487 0.999839560 -1.270429730 0.000000000 0.000000000 0.000000000 1.000000000
1645868660.614962339 -0.997507933 -0.069583506 0.011664432 72.796592754 0.069667879 -0.997545754 0.006989685 24.185145643 0.011149438 0.007784903 0.999907538 -1.244223475 0.000000000 0.000000000 0.000000000 1.000000000
1645868661.314788103 -0.997282534 -0.073221628 0.008132706 72.284843487 0.073286011 -0.997279498 0.007922372 24.173222774 0.007530492 0.008496857 0.999935545 -1.229554057 0.000000000 0.000000000 0.000000000 1.000000000
1645868662.015101671 -0.996241484 -0.086095768 0.009509133 71.750686688 0.086104511 -0.996285978 0.000513182 24.173032005 0.009429634 0.001330032 0.999954655 -1.237490773 0.000000000 0.000000000 0.000000000 1.000000000
1645868662.714964867 -0.995133215 -0.097702104 0.012813394 71.234169051 0.097756351 -0.995203587 0.003676503 24.131205724 0.012392734 0.004911200 0.999911146 -1.242014647 0.000000000 0.000000000 0.000000000 1.000000000
1645868663.515013933 -0.994650978 -0.102702797 0.011025747 70.671325728 0.102767363 -0.994690449 0.005457006 24.131762635 0.010406755 0.006560903 0.999924324 -1.235712051 0.000000000 0.000000000 0.000000000 1.000000000
1645868664.314809799 -0.995474607 -0.093886688 0.014683238 70.144805953 0.094059953 -0.995499065 0.011590344 24.128966429 0.013528971 0.012918998 0.999825018 -1.228028893 0.000000000 0.000000000 0.000000000 1.000000000
1645868665.115214825 -0.997081956 -0.075594918 0.010629310 69.605903670 0.075760028 -0.996996115 0.016098618 24.140175882 0.009380407 0.016856918 0.999813909 -1.210775137 0.000000000 0.000000000 0.000000000 1.000000000
1645868665.914806366 -0.997018789 -0.075272359 0.016958966 69.065307663 0.075451604 -0.997097409 0.010188841 24.120833425 0.016142803 0.011438047 0.999804271 -1.222726822 0.000000000 0.000000000 0.000000000 1.000000000
1645868666.715130329 -0.999072432 -0.042080596 0.009137762 68.545051624 0.042233086 -0.998959880 0.017190820 24.066006655 0.008404857 0.017560790 0.999810471 -1.204909682 0.000000000 0.000000000 0.000000000 1.000000000
1645868667.614791870 -0.999901834 -0.014004574 -0.000440979 68.004036000 0.013993129 -0.999706834 0.019759493 24.043518980 -0.000717573 0.019751382 0.999804665 -1.189862609 0.000000000 0.000000000 0.000000000 1.000000000
1645868668.515087128 -0.999982759 -0.005842904 0.000584238 67.462623649 0.005851561 -0.999853032 0.016114401 24.009770320 0.000489997 0.016117542 0.999869984 -1.180932283 0.000000000 0.000000000 0.000000000 1.000000000
1645868669.415486097 -0.999916300 0.008180559 0.010023575 66.944000301 -0.008044911 -0.999876517 0.013499293 23.937165154 0.010132769 0.013417524 0.999858639 -1.235845089 0.000000000 0.000000000 0.000000000 1.000000000
1645868670.415023088 -0.999388096 0.033955887 0.008392372 66.395179810 -0.033788710 -0.999242284 0.019317887 23.860968449 0.009041969 0.019022499 0.999778169 -1.147707343 0.000000000 0.000000000 0.000000000 1.000000000
1645868671.415206194 -0.997427113 0.070875048 0.010764815 65.854278631 -0.070684250 -0.997350844 0.017176455 23.788227860 0.011953679 0.016371359 0.999794523 -1.170478225 0.000000000 0.000000000 0.000000000 1.000000000
1645868672.414846897 -0.995210729 0.097159611 0.010752411 65.358871534 -0.096945561 -0.995110160 0.018903102 23.662102492 0.012536452 0.017770171 0.999763501 -1.180785298 0.000000000 0.000000000 0.000000000 1.000000000
1645868673.514933109 -0.991380743 0.129975566 0.016449131 64.842277609 -0.129674258 -0.991389128 0.018225928 23.535893201 0.018676415 0.015935805 0.999698575 -1.218925476 0.000000000 0.000000000 0.000000000 1.000000000
1645868674.815009594 -0.983911669 0.177810806 0.017353545 64.336227508 -0.177435663 -0.983904180 0.021193151 23.400526728 0.020842596 0.017773051 0.999624782 -1.167477846 0.000000000 0.000000000 0.000000000 1.000000000
1645868675.715225697 -0.972404699 0.232383078 0.020668969 63.842041118 -0.231858851 -0.972429596 0.024943029 23.226553614 0.025895455 0.019462435 0.999475182 -1.163788199 0.000000000 0.000000000 0.000000000 1.000000000
1645868676.714752913 -0.965785578 0.258631493 0.019182493 63.341655846 -0.258057184 -0.965722103 0.028059026 23.033785485 0.025781905 0.022148823 0.999422195 -1.144669175 0.000000000 0.000000000 0.000000000 1.000000000
1645868677.615167141 -0.981238693 0.190783819 0.027787804 62.848705415 -0.189961378 -0.981340912 0.029743720 22.900572410 0.032943929 0.023907079 0.999171231 -1.149692655 0.000000000 0.000000000 0.000000000 1.000000000
1645868678.515023708 -0.995519194 0.092371191 0.020226134 62.374336371 -0.091529631 -0.995030853 0.039190917 22.818956932 0.023745739 0.037164019 0.999027014 -1.014021874 0.000000000 0.000000000 0.000000000 1.000000000
1645868679.415162325 -0.998954373 0.041646823 0.018860109 61.863788736 -0.041051531 -0.998678451 0.030921237 22.762270498 0.020122956 0.030114668 0.999343871 -1.093100548 0.000000000 0.000000000 0.000000000 1.000000000
1645868680.215207577 -0.999775908 -0.017183451 0.012363782 61.369926588 0.017560824 -0.999362298 0.031090431 22.704723851 0.011821657 0.031300582 0.999440104 -1.031622052 0.000000000 0.000000000 0.000000000 1.000000000
1645868681.314848185 -0.998565633 -0.051002266 0.016292489 60.859886308 0.051545574 -0.998061420 0.034877734 22.658943637 0.014482061 0.035667512 0.999258775 -1.042819858 0.000000000 0.000000000 0.000000000 1.000000000
1645868682.914971113 -0.999773790 -0.010075320 0.018731164 60.330551287 0.010745741 -0.999292481 0.036042567 22.644085358 0.018354771 0.036235694 0.999174698 -1.098945499 0.000000000 0.000000000 0.000000000 1.000000000
1645868684.115098000 -0.999559891 -0.025477871 0.015195455 59.802566667 0.026042220 -0.998931611 0.038176435 22.653915799 0.014206566 0.038555357 0.999155472 -1.022098064 0.000000000 0.000000000 0.000000000 1.000000000
1645868685.214947701 -0.998922237 -0.045143044 0.010792136 59.279583116 0.045512790 -0.998281935 0.036902083 22.655121210 0.009107722 0.037353492 0.999260610 -1.006360292 0.000000000 0.000000000 0.000000000 1.000000000
1645868686.315001011 -0.999222826 -0.037328161 0.012663026 58.744808333 0.037759678 -0.998647261 0.035747090 22.690250723 0.011311523 0.036197460 0.999280638 -1.055109859 0.000000000 0.000000000 0.000000000 1.000000000
1645868687.414819717 -0.999796742 -0.018651865 0.007653887 58.240711348 0.018936567 -0.999060391 0.038983868 22.698253926 0.006919573 0.039120882 0.999210526 -0.978677571 0.000000000 0.000000000 0.000000000 1.000000000
1645868688.614737511 -0.999951458 -0.006170076 0.007681852 57.698398726 0.006397827 -0.999529871 0.029985063 22.693069718 0.007493231 0.030032754 0.999520828 -1.032285333 0.000000000 0.000000000 0.000000000 1.000000000
1645868689.715168476 -0.999920165 -0.012416476 0.002344056 57.161232130 0.012487151 -0.999376401 0.033028473 22.694462048 0.001932497 0.033055107 0.999451662 -0.998497248 0.000000000 0.000000000 0.000000000 1.000000000
1645868690.914873838 -0.999870640 -0.016083180 -0.000184798 56.627338545 0.016074765 -0.999609918 0.022838853 22.701132013 -0.000552048 0.022832928 0.999739142 -0.991783738 0.000000000 0.000000000 0.000000000 1.000000000
1645868692.215410233 -0.998993991 -0.044714118 0.003413808 56.102470532 0.044780254 -0.998739100 0.022692250 22.719959418 0.002394839 0.022822292 0.999736669 -0.970059514 0.000000000 0.000000000 0.000000000 1.000000000
1645868693.214967728 -0.999155029 -0.040145742 0.008806112 55.568252698 0.040299432 -0.999024946 0.018030887 22.713607913 0.008073662 0.018370533 0.999798649 -1.013404131 0.000000000 0.000000000 0.000000000 1.000000000
1645868694.215045691 -0.999379999 -0.034902427 0.004630064 55.024253983 0.035009940 -0.999058214 0.025631781 22.659906477 0.003731092 0.025777987 0.999660730 -0.955497861 0.000000000 0.000000000 0.000000000 1.000000000
1645868695.215295076 -0.999173005 -0.040054047 0.006998499 54.506260058 0.040203282 -0.998934257 0.022672570 22.638422069 0.006082913 0.022935183 0.999718448 -1.027690291 0.000000000 0.000000000 0.000000000 1.000000000
1645868696.315263033 -0.999193814 -0.039838437 0.004962053 53.963066243 0.039975531 -0.998702384 0.031551624 22.606035255 0.003698646 0.031724548 0.999489806 -0.986206949 0.000000000 0.000000000 0.000000000 1.000000000
1645868697.215337992 -0.999167700 -0.040286660 0.006394640 53.449695728 0.040446687 -0.998809789 0.027259320 22.608627309 0.005288842 0.027495274 0.999607942 -1.007752895 0.000000000 0.000000000 0.000000000 1.000000000
1645868698.215512037 -0.999080004 -0.042884834 0.000192981 52.915352009 0.042880336 -0.998886750 0.019660541 22.614236788 -0.000650373 0.019650729 0.999806694 -1.002091050 0.000000000 0.000000000 0.000000000 1.000000000
1645868700.415572882 -0.998327628 -0.057804782 -0.000744606 52.397548817 0.057777377 -0.998118627 0.020517834 22.603160781 -0.001929234 0.020440499 0.999789210 -1.002964974 0.000000000 0.000000000 0.000000000 1.000000000
1645868702.215296030 -0.994580572 -0.101256041 0.023594496 51.903007647 0.101620889 -0.994712931 0.014811451 22.641445052 0.021970002 0.017128875 0.999611885 -1.081772447 0.000000000 0.000000000 0.000000000 1.000000000
1645868703.515105486 -0.993303857 -0.115499861 -0.002688759 51.392803334 0.115416445 -0.993085685 0.021444495 22.606010296 -0.005147005 0.020990573 0.999766425 -0.943879664 0.000000000 0.000000000 0.000000000 1.000000000
1645868705.014826775 -0.998332750 -0.056366022 0.012433530 50.909336229 0.056327689 -0.998406504 -0.003412238 22.651033230 0.012606051 -0.002706197 0.999916879 -1.086442351 0.000000000 0.000000000 0.000000000 1.000000000
1645868707.215242624 -0.997983763 0.062982682 0.007847915 50.430523063 -0.063007113 -0.998008849 -0.002905453 22.566884793 0.007649295 -0.003394069 0.999964984 -0.949610114 0.000000000 0.000000000 0.000000000 1.000000000
1645868708.915265322 -0.999635661 -0.019292763 0.018876828 49.907611986 0.019287091 -0.999813870 -0.000482506 22.650083307 0.018882624 -0.000118251 0.999821700 -0.958651841 0.000000000 0.000000000 0.000000000 1.000000000
1645868710.515072346 -0.999182038 -0.039389655 0.009149330 49.378852987 0.039416260 -0.999219104 0.002745901 22.588082998 0.009034026 0.003104288 0.999954374 -0.966377020 0.000000000 0.000000000 0.000000000 1.000000000
1645868712.215143204 -0.999803376 -0.005829794 0.018953190 48.831882621 0.005823097 -0.999982962 -0.000408496 22.561666185 0.018955248 -0.000298049 0.999820289 -0.991462529 0.000000000 0.000000000 0.000000000 1.000000000
1645868713.514817953 -0.998064104 -0.061647494 0.008223809 48.307605893 0.061631542 -0.998096590 -0.002179470 22.478444716 0.008342515 -0.001668405 0.999963809 -0.962095141 0.000000000 0.000000000 0.000000000 1.000000000
1645868714.915040016 -0.993482143 -0.113984639 -0.000856756 47.770130306 0.113985745 -0.993389874 -0.013557576 22.489823924 0.000694263 -0.013566868 0.999907725 -0.985971451 0.000000000 0.000000000 0.000000000 1.000000000
1645868715.814906359 -0.993136739 -0.116958814 0.000230321 47.269905238 0.116958613 -0.993136509 -0.000747005 22.507274225 0.000316109 -0.000714940 0.999999694 -1.002359390 0.000000000 0.000000000 0.000000000 1.000000000
1645868716.815529585 -0.992327671 -0.122623356 0.015789414 46.740524446 0.122638824 -0.992451368 0.000011461 22.413888495 0.015668820 0.001947768 0.999875339 -0.975552321 0.000000000 0.000000000 0.000000000 1.000000000
1645868717.815236807 -0.986227266 -0.164890248 0.012922283 46.208942568 0.164872857 -0.986311891 -0.002407114 22.402347094 0.013142311 -0.000243427 0.999913606 -0.957449675 0.000000000 0.000000000 0.000000000 1.000000000
1645868718.715095282 -0.975881739 -0.218039968 0.010649170 45.669624481 0.218064750 -0.975933553 0.001210132 22.428664657 0.010129025 0.003503154 0.999942564 -0.938594818 0.000000000 0.000000000 0.000000000 1.000000000
1645868719.814980030 -0.969948617 -0.242979534 0.012673879 45.165245209 0.243011899 -0.970022733 0.001056013 22.428544461 0.012037361 0.004104181 0.999919126 -0.925527751 0.000000000 0.000000000 0.000000000 1.000000000
1645868720.815083742 -0.975891712 -0.217926883 0.011968304 44.650978239 0.217950456 -0.975959593 0.000686104 22.451735881 0.011531060 0.003278061 0.999928142 -0.927399516 0.000000000 0.000000000 0.000000000 1.000000000
1645868721.715111256 -0.987022976 -0.160213912 0.010823454 44.111801300 0.160231809 -0.987079087 0.000801567 22.423688285 0.010555183 0.002525426 0.999941103 -0.929155946 0.000000000 0.000000000 0.000000000 1.000000000
1645868722.515046597 -0.991817693 -0.126890572 0.014015924 43.588764343 0.126948818 -0.991903633 0.003343703 22.424733479 0.013478162 0.005095648 0.999896181 -0.944440186 0.000000000 0.000000000 0.000000000 1.000000000
1645868723.514861822 -0.992650359 -0.120013769 0.015555040 43.041607058 0.120115465 -0.992743137 0.005773980 22.392379089 0.014749202 0.007599944 0.999862341 -0.926244855 0.000000000 0.000000000 0.000000000 1.000000000
1645868724.414999723 -0.990502043 -0.137042611 0.011181469 42.531376039 0.137093913 -0.990550160 0.003954787 22.399583112 0.010533832 0.005450136 0.999929665 -0.886651933 0.000000000 0.000000000 0.000000000 1.000000000
1645868725.315186739 -0.986558219 -0.162894876 0.012966837 41.982216034 0.162995224 -0.986601363 0.007092762 22.431975580 0.011637725 0.009110956 0.999890771 -0.901113868 0.000000000 0.000000000 0.000000000 1.000000000
1645868726.115651846 -0.983708914 -0.179458090 0.010562506 41.481063996 0.179562794 -0.983695980 0.009971019 22.419266883 0.008600915 0.011705213 0.999894501 -0.911668778 0.000000000 0.000000000 0.000000000 1.000000000
1645868727.015388012 -0.984351340 -0.175857182 0.011255679 40.941578063 0.175935338 -0.984381116 0.006369842 22.447531849 0.009959695 0.008250434 0.999916364 -0.903395593 0.000000000 0.000000000 0.000000000 1.000000000
1645868727.815169573 -0.986595610 -0.162957387 0.008601921 40.431896360 0.163021216 -0.986595368 0.007325514 22.470482942 0.007292869 0.008629616 0.999936170 -0.886582315 0.000000000 0.000000000 0.000000000 1.000000000
1645868728.614873409 -0.988987511 -0.147727807 0.008955380 39.904922634 0.147810680 -0.988970726 0.009429014 22.485695922 0.007463682 0.010648878 0.999915444 -0.900430441 0.000000000 0.000000000 0.000000000 1.000000000
1645868729.515036821 -0.991543385 -0.129010557 0.014070933 39.360050351 0.129120298 -0.991602888 0.007187597 22.474938441 0.013025502 0.008943658 0.999875166 -0.922959685 0.000000000 0.000000000 0.000000000 1.000000000
1645868730.515105724 -0.993931079 -0.109181830 0.013428971 38.826042326 0.109267520 -0.993995342 0.005819765 22.466664329 0.012712922 0.007251795 0.999892891 -0.901923716 0.000000000 0.000000000 0.000000000 1.000000000
1645868731.414932728 -0.995647744 -0.092292155 0.012950972 38.297809751 0.092407017 -0.995684448 0.008568796 22.470595341 0.012104249 0.009728263 0.999879417 -0.903303206 0.000000000 0.000000000 0.000000000 1.000000000
1645868732.315293789 -0.996534042 -0.082314772 0.012007587 37.764801177 0.082385371 -0.996585328 0.005507612 22.451920456 0.011513227 0.006477773 0.999912738 -0.882279694 0.000000000 0.000000000 0.000000000 1.000000000
1645868733.115247965 -0.995862648 -0.089980941 0.012689271 37.250114592 0.090078195 -0.995907854 0.007311976 22.448708448 0.011979406 0.008424750 0.999892753 -0.887846172 0.000000000 0.000000000 0.000000000 1.000000000
1645868733.915217400 -0.994159203 -0.107290857 0.011668415 36.704822691 0.107362603 -0.994203563 0.005704989 22.457985758 0.010988687 0.006924419 0.999915647 -0.888618350 0.000000000 0.000000000 0.000000000 1.000000000
1645868734.715385914 -0.991375453 -0.130579437 0.011122998 36.140182644 0.130664761 -0.991399573 0.007321619 22.489798389 0.010071282 0.008711857 0.999911332 -0.875970841 0.000000000 0.000000000 0.000000000 1.000000000
1645868735.515510798 -0.988871300 -0.148381032 0.010799137 35.621574551 0.148429936 -0.988915342 0.003872976 22.487135698 0.010104756 0.005432790 0.999934187 -0.855336368 0.000000000 0.000000000 0.000000000 1.000000000
1645868736.415416002 -0.988831428 -0.148357442 0.014229455 35.064331202 0.148462040 -0.988896121 0.006594260 22.516539349 0.013093146 0.008633145 0.999877012 -0.874491334 0.000000000 0.000000000 0.000000000 1.000000000
1645868737.215474367 -0.991418862 -0.130190420 0.011793802 34.519718315 0.130305693 -0.991427431 0.009595612 22.558630684 0.010443442 0.011050070 0.999884409 -0.835963726 0.000000000 0.000000000 0.000000000 1.000000000
1645868738.015331984 -0.992834776 -0.118847464 0.012425307 33.999218131 0.118975970 -0.992845049 0.010169875 22.572874730 0.011127741 0.011575319 0.999871084 -0.851478756 0.000000000 0.000000000 0.000000000 1.000000000
1645868738.815492630 -0.992357503 -0.122395851 0.015679334 33.463363790 0.122505353 -0.992448353 0.006221260 22.586512239 0.014799473 0.008094517 0.999857717 -0.865373910 0.000000000 0.000000000 0.000000000 1.000000000
1645868739.715550661 -0.991166729 -0.132026840 0.012547026 32.907936237 0.132192109 -0.991133460 0.013405648 22.609276410 0.010665872 0.014945850 0.999831416 -0.816040218 0.000000000 0.000000000 0.000000000 1.000000000
1645868740.515625477 -0.990188352 -0.138490886 0.018636040 32.390018602 0.138741117 -0.990244994 0.012874593 22.642006479 0.016671232 0.015333857 0.999743439 -0.834588051 0.000000000 0.000000000 0.000000000 1.000000000
1645868741.315448999 -0.990501315 -0.136232379 0.018651648 31.863775391 0.136486873 -0.990554954 0.013123151 22.664026786 0.016687684 0.015544203 0.999739916 -0.822430372 0.000000000 0.000000000 0.000000000 1.000000000
1645868742.115169764 -0.991770095 -0.126775758 0.017888169 31.332416670 0.127010740 -0.991820399 0.012671519 22.702816501 0.016135410 0.014839223 0.999759694 -0.800619841 0.000000000 0.000000000 0.000000000 1.000000000
1645868742.915142536 -0.993274567 -0.114016916 0.020143920 30.830625669 0.114252737 -0.993391168 0.010968096 22.704351885 0.018760244 0.013195829 0.999736927 -0.826953173 0.000000000 0.000000000 0.000000000 1.000000000
1645868743.714866877 -0.994582033 -0.102191693 0.019064036 30.304071560 0.102397411 -0.994691849 0.010143790 22.722052047 0.017926230 0.012040939 0.999766806 -0.784363031 0.000000000 0.000000000 0.000000000 1.000000000
1645868744.515136242 -0.995839644 -0.090393471 0.011507552 29.741951123 0.090488802 -0.995864929 0.008051116 22.722740564 0.010732199 0.009058925 0.999901373 -0.771667957 0.000000000 0.000000000 0.000000000 1.000000000
1645868745.314972878 -0.996826323 -0.077319685 0.018945942 29.214338437 0.077420512 -0.996987701 0.004646314 22.716221213 0.018529619 0.006098373 0.999809713 -0.799073100 0.000000000 0.000000000 0.000000000 1.000000000
1645868746.115045309 -0.997347827 -0.069269403 0.022339710 28.686683790 0.069395294 -0.997577161 0.004909283 22.704565372 0.021945521 0.006446534 0.999738384 -0.807874441 0.000000000 0.000000000 0.000000000 1.000000000
1645868746.914954185 -0.997962691 -0.060031161 0.021603876 28.155573026 0.060265437 -0.998128612 0.010360997 22.706850342 0.020941464 0.011641856 0.999712920 -0.788332939 0.000000000 0.000000000 0.000000000 1.000000000
1645868747.714974403 -0.998618823 -0.050720721 0.013706037 27.599733490 0.050911903 -0.998605303 0.013979531 22.676750438 0.012977869 0.014658023 0.999808340 -0.774788618 0.000000000 0.000000000 0.000000000 1.000000000
1645868748.515343904 -0.999145293 -0.039894806 0.010820709 27.043642183 0.040008425 -0.999144223 0.010495124 22.648750525 0.010392748 0.010919073 0.999886376 -0.775877595 0.000000000 0.000000000 0.000000000 1.000000000
1645868749.315020800 -0.999171333 -0.040344838 0.005379722 26.484266421 0.040411520 -0.999099546 0.012923086 22.623483842 0.004853498 0.013129780 0.999902021 -0.744718254 0.000000000 0.000000000 0.000000000 1.000000000
1645868750.115445852 -0.998797567 -0.048003772 0.009952785 25.920000217 0.048160960 -0.998708112 0.016205850 22.621101527 0.009161985 0.016665699 0.999819140 -0.759501577 0.000000000 0.000000000 0.000000000 1.000000000
1645868750.915195227 -0.998366636 -0.055620358 0.013055135 25.381796026 0.055778259 -0.998370351 0.012059371 22.576784248 0.012363113 0.012767867 0.999842055 -0.753792584 0.000000000 0.000000000 0.000000000 1.000000000
1645868751.915180922 -0.998109484 -0.059291163 0.016186896 24.841629170 0.059448688 -0.998186821 0.009429949 22.597553333 0.015598434 0.010374412 0.999824515 -0.707816899 0.000000000 0.000000000 0.000000000 1.000000000
1645868753.115054846 -0.998941277 -0.042750928 0.016990677 24.317571782 0.042995117 -0.998973278 0.014276220 22.589448975 0.016362911 0.014991622 0.999753723 -0.732172489 0.000000000 0.000000000 0.000000000 1.000000000
1645868756.415013075 -0.994767691 -0.101047269 0.015056241 23.789690162 0.101123595 -0.994864161 0.004395437 22.558046354 0.014534768 0.005894980 0.999876987 -0.756999254 0.000000000 0.000000000 0.000000000 1.000000000
1645868757.715062380 -0.996678831 -0.078565079 0.021420476 23.259864954 0.078758932 -0.996858633 0.008360352 22.527095774 0.020696354 0.010019639 0.999735599 -0.728113890 0.000000000 0.000000000 0.000000000 1.000000000
1645868759.115010023 -0.999650135 -0.022639579 0.013676849 22.749145653 0.022804137 -0.999667953 0.011998140 22.541486687 0.013400675 0.012305831 0.999834481 -0.683435321 0.000000000 0.000000000 0.000000000 1.000000000
1645868760.215206146 -0.999619768 0.020298396 0.018662676 22.213220738 -0.019992157 -0.999664769 0.016451867 22.594036015 0.018990366 0.016072504 0.999690472 -0.704280257 0.000000000 0.000000000 0.000000000 1.000000000
1645868761.115193844 -0.999755228 -0.015446744 0.015839290 21.660089632 0.015674509 -0.999774055 0.014357881 22.639898177 0.015613929 0.014602640 0.999771458 -0.713665843 0.000000000 0.000000000 0.000000000 1.000000000
1645868761.914897680 -0.999938448 -0.009411152 0.005876297 21.140325687 0.009459760 -0.999920812 0.008299569 22.622257077 0.005797723 0.008354647 0.999948292 -0.684540153 0.000000000 0.000000000 0.000000000 1.000000000
1645868762.614989758 -0.998883684 -0.046823328 0.006241994 20.602319859 0.046872360 -0.998869212 0.007954878 22.607568551 0.005862462 0.008238574 0.999948877 -0.676258564 0.000000000 0.000000000 0.000000000 1.000000000
1645868763.414921045 -0.999300088 -0.037231378 0.003627392 20.049995565 0.037263234 -0.999263588 0.009150584 22.583844913 0.003284032 0.009279348 0.999951553 -0.673230469 0.000000000 0.000000000 0.000000000 1.000000000
1645868764.214777708 -0.998808206 -0.048510768 0.005373286 19.510919714 0.048572741 -0.998746651 0.012075427 22.574584702 0.004780763 0.012322031 0.999912652 -0.686171293 0.000000000 0.000000000 0.000000000 1.000000000
1645868765.014789820 -0.999250509 -0.037622242 0.009109697 18.999191428 0.037709191 -0.999242942 0.009568691 22.571244902 0.008742805 0.009905039 0.999912723 -0.700352967 0.000000000 0.000000000 0.000000000 1.000000000
1645868765.815046787 -0.999844089 -0.013524929 0.011352225 18.463703299 0.013634919 -0.999860300 0.009667965 22.574144037 0.011219881 0.009821244 0.999888823 -0.665173650 0.000000000 0.000000000 0.000000000 1.000000000
1645868766.614828348 -0.999671339 -0.023412278 0.010444131 17.906002188 0.023551265 -0.999632965 0.013389305 22.568160649 0.010126824 0.013630877 0.999855813 -0.650248468 0.000000000 0.000000000 0.000000000 1.000000000
1645868767.414872408 -0.998165962 -0.059131467 0.012968488 17.360351708 0.059199378 -0.998234072 0.004916434 22.544971070 0.012654871 0.005675144 0.999903819 -0.665663183 0.000000000 0.000000000 0.000000000 1.000000000
1645868768.215013266 -0.996034234 -0.088390358 0.010146432 16.808885717 0.088460897 -0.996056936 0.006726789 22.580518291 0.009511841 0.007597675 0.999925897 -0.660291731 0.000000000 0.000000000 0.000000000 1.000000000
1645868768.915216208 -0.997825981 -0.064892401 0.011501651 16.273622655 0.064974939 -0.997862669 0.006953542 22.584220421 0.011025836 0.007685744 0.999909676 -0.651072204 0.000000000 0.000000000 0.000000000 1.000000000
1645868769.614736795 -0.999137181 -0.041345749 0.003927035 15.746413373 0.041359814 -0.999137937 0.003570434 22.595853307 0.003776027 0.003729774 0.999985915 -0.642799616 0.000000000 0.000000000 0.000000000 1.000000000
1645868770.315048695 -0.999672310 -0.025448076 0.002768955 15.193279408 0.025459635 -0.999666933 0.004222532 22.605292740 0.002660577 0.004291645 0.999987251 -0.628081203 0.000000000 0.000000000 0.000000000 1.000000000
1645868771.014695406 -0.999847530 -0.016863083 -0.004533670 14.626119754 0.016832893 -0.999836422 0.006616811 22.620183375 -0.004644508 0.006539487 0.999967831 -0.632063449 0.000000000 0.000000000 0.000000000 1.000000000
1645868771.714884043 -0.999576927 -0.020438015 0.020694304 14.084123750 0.020574815 -0.999767708 0.006419333 22.648585669 0.020558298 0.006842399 0.999765241 -0.649624229 0.000000000 0.000000000 0.000000000 1.000000000
1645868772.414898872 -0.999269235 -0.030626006 0.022870147 13.528484482 0.030893778 -0.999457109 0.011448243 22.662141160 0.022507117 0.012146422 0.999672894 -0.654944956 0.000000000 0.000000000 0.000000000 1.000000000
1645868773.114722490 -0.998787239 -0.046953505 0.014812835 12.971530098 0.047059236 -0.998868464 0.006871651 22.663405697 0.014473426 0.007560398 0.999866671 -0.634266794 0.000000000 0.000000000 0.000000000 1.000000000
1645868773.914992571 -0.998134854 -0.057674870 0.020010541 12.428779739 0.057769324 -0.998321231 0.004174241 22.674716240 0.019736199 0.005322451 0.999791055 -0.634153545 0.000000000 0.000000000 0.000000000 1.000000000
1645868774.814779520 -0.998818478 -0.045602776 0.016793910 11.889466422 0.045762923 -0.998909239 0.009278301 22.690791340 0.016352476 0.010035877 0.999815922 -0.612373948 0.000000000 0.000000000 0.000000000 1.000000000
1645868775.714830637 -0.997727665 -0.065172153 0.017090850 11.344617024 0.065351957 -0.997810334 0.010181327 22.722142394 0.016389888 0.011275112 0.999802102 -0.577904761 0.000000000 0.000000000 0.000000000 1.000000000
1645868776.614849091 -0.995877831 -0.088343548 0.020561194 10.813150538 0.088609739 -0.995989046 0.012415064 22.745080135 0.019381934 0.014185810 0.999711510 -0.588315547 0.000000000 0.000000000 0.000000000 1.000000000
1645868777.414737701 -0.995591472 -0.091634763 0.020017275 10.306432854 0.091875591 -0.995704542 0.011460357 22.778885950 0.018881125 0.013248933 0.999733949 -0.604864061 0.000000000 0.000000000 0.000000000 1.000000000
1645868778.215060949 -0.996468596 -0.081328313 0.020881630 9.758398185 0.081579410 -0.996600876 0.011467084 22.802992894 0.019878052 0.013130100 0.999716191 -0.602937341 0.000000000 0.000000000 0.000000000 1.000000000
1645868778.915273666 -0.997744982 -0.064943198 0.016950849 9.251313337 0.065162928 -0.997793195 0.012748838 22.824051898 0.016085492 0.013824656 0.999775043 -0.571089685 0.000000000 0.000000000 0.000000000 1.000000000
1645868779.614885807 -0.998784507 -0.045615079 0.018675468 8.736724026 0.045849183 -0.998872584 0.012304989 22.838599214 0.018093120 0.013146287 0.999749876 -0.589296043 0.000000000 0.000000000 0.000000000 1.000000000
1645868780.415175200 -0.999355021 -0.032274014 0.015745780 8.226658948 0.032492264 -0.999376606 0.013807653 22.839404083 0.015290336 0.014310364 0.999780686 -0.569260538 0.000000000 0.000000000 0.000000000 1.000000000
1645868781.214632034 -0.999627396 -0.018722054 0.019863385 7.682825214 0.018926683 -0.999769207 0.010164350 22.850390376 0.019668503 0.010536511 0.999751035 -0.591688275 0.000000000 0.000000000 0.000000000 1.000000000
1645868782.014914036 -0.999866963 0.000598480 0.016300242 7.128903992 -0.000393791 -0.999921071 0.012557715 22.839678671 0.016306471 0.012549625 0.999788281 -0.568875313 0.000000000 0.000000000 0.000000000 1.000000000
1645868782.814914703 -0.999189486 0.036851655 0.016196525 6.572544702 -0.036666675 -0.999260533 0.011573346 22.817015519 0.016611045 0.010970093 0.999801845 -0.546849847 0.000000000 0.000000000 0.000000000 1.000000000
1645868783.614920616 -0.995415159 0.094104719 0.017116141 6.060835969 -0.093934503 -0.995523086 0.010492571 22.774273710 0.018026914 0.008836668 0.999798452 -0.551059365 0.000000000 0.000000000 0.000000000 1.000000000
1645868784.515187502 -0.986822383 0.160746281 0.018499142 5.512571472 -0.160589384 -0.986973783 0.009685112 22.665592951 0.019815014 0.006586720 0.999781966 -0.559100866 0.000000000 0.000000000 0.000000000 1.000000000
1645868785.415242672 -0.973642867 0.227091657 0.021188366 4.990329889 -0.226850344 -0.973840132 0.013203020 22.515614280 0.023632377 0.008048438 0.999688318 -0.537564218 0.000000000 0.000000000 0.000000000 1.000000000
1645868786.415068388 -0.955782973 0.293408040 0.019764368 4.475940859 -0.293219361 -0.955970943 0.011914787 22.397484517 0.022390055 0.005592655 0.999733668 -0.520357609 0.000000000 0.000000000 0.000000000 1.000000000
1645868787.414912939 -0.936582722 0.349895310 0.019648859 3.976700950 -0.349838877 -0.936788352 0.006351673 22.199053470 0.020629243 -0.000925067 0.999786767 -0.520147383 0.000000000 0.000000000 0.000000000 1.000000000
1645868788.414791107 -0.919089945 0.393745848 0.015423359 3.514053285 -0.393710163 -0.919218692 0.005413327 22.012295400 0.016308915 -0.001096999 0.999866399 -0.484681189 0.000000000 0.000000000 0.000000000 1.000000000
1645868789.515142441 -0.899635977 0.436366038 0.015485141 3.040346338 -0.436272019 -0.899767979 0.009181995 21.795815114 0.017939745 0.001504719 0.999837938 -0.483835340 0.000000000 0.000000000 0.000000000 1.000000000
1645868790.514862537 -0.874312751 0.485058472 0.017189916 2.565158338 -0.484989116 -0.874481027 0.008275930 21.532118414 0.019046565 -0.001101171 0.999817991 -0.479820252 0.000000000 0.000000000 0.000000000 1.000000000
1645868791.515138865 -0.840029980 0.541875186 0.026849865 2.077706565 -0.541789964 -0.840442134 0.010984248 21.233698430 0.028517850 -0.005319889 0.999579127 -0.476987124 0.000000000 0.000000000 0.000000000 1.000000000
1645868792.615283012 -0.794891114 0.605950480 0.031179028 1.613615044 -0.605890221 -0.795451267 0.012422592 20.950108084 0.032328872 -0.009016460 0.999436615 -0.443307459 0.000000000 0.000000000 0.000000000 1.000000000
1645868793.814828157 -0.743891455 0.667858453 0.024302055 1.238911897 -0.667511632 -0.744288278 0.021521612 20.601200589 0.032461125 -0.000212161 0.999472976 -0.422602624 0.000000000 0.000000000 0.000000000 1.000000000
1645868794.915305376 -0.660662994 0.749900505 0.034258454 0.865624482 -0.749738706 -0.661432657 0.019967799 20.219385609 0.037633523 -0.012492904 0.999213513 -0.450178236 0.000000000 0.000000000 0.000000000 1.000000000
1645868796.015000820 -0.570635229 0.821038428 0.016472242 0.544686875 -0.820555168 -0.570866889 0.028288002 19.805101836 0.032628995 0.002625747 0.999464083 -0.394694537 0.000000000 0.000000000 0.000000000 1.000000000
1645868797.014997482 -0.530471868 0.847683663 0.005657244 0.232669565 -0.847002042 -0.530292959 0.037106846 19.389868204 0.034454864 0.014892441 0.999295290 -0.371760666 0.000000000 0.000000000 0.000000000 1.000000000
1645868798.015282869 -0.533735448 0.845624885 -0.006710172 -0.094456211 -0.845164687 -0.533142191 0.038158304 18.964075489 0.028690135 0.026037640 0.999249177 -0.370125502 0.000000000 0.000000000 0.000000000 1.000000000
1645868799.014961004 -0.521058256 0.853161545 -0.024772402 -0.450656565 -0.853216063 -0.519876687 0.041839940 18.527534863 0.022817634 0.042937257 0.998817174 -0.358505964 0.000000000 0.000000000 0.000000000 1.000000000
1645868800.015160084 -0.524106642 0.850522664 -0.043856888 -0.790875411 -0.851523772 -0.522436221 0.044358321 18.124647497 0.014815331 0.060593674 0.998052560 -0.353297144 0.000000000 0.000000000 0.000000000 1.000000000
1645868801.115178347 -0.509933039 0.859281139 -0.040052707 -1.125371048 -0.859811113 -0.507716299 0.054304791 17.706026413 0.026327671 0.062129570 0.997720788 -0.333849281 0.000000000 0.000000000 0.000000000 1.000000000
1645868802.315114021 -0.494429310 0.868803542 -0.026833984 -1.430055304 -0.868360139 -0.492334901 0.059640717 17.300617534 0.038604760 0.052789681 0.997859169 -0.326764613 0.000000000 0.000000000 0.000000000 1.000000000
1645868803.315385103 -0.474758698 0.879941852 -0.017507597 -1.703476445 -0.879658271 -0.473776415 0.041680137 16.871971429 0.028381410 0.035188710 0.998977602 -0.330769181 0.000000000 0.000000000 0.000000000 1.000000000
1645868804.215981483 -0.461819729 0.886804367 -0.017336432 -1.991871464 -0.886430589 -0.460764763 0.044007319 16.434498114 0.031037866 0.035690992 0.998880776 -0.299787104 0.000000000 0.000000000 0.000000000 1.000000000
1645868805.115752935 -0.438157378 0.898746697 -0.016507187 -2.283492286 -0.897763191 -0.436607731 0.058266132 15.979246401 0.045159328 0.040349281 0.998164601 -0.312225640 0.000000000 0.000000000 0.000000000 1.000000000
1645868806.015538931 -0.420741672 0.906876939 -0.023466208 -2.567115714 -0.906214305 -0.418959400 0.056996972 15.523678070 0.041857851 0.045246414 0.998098533 -0.283341110 0.000000000 0.000000000 0.000000000 1.000000000
1645868806.815960169 -0.398607484 0.916754919 -0.025932466 -2.817239902 -0.916656951 -0.397346234 0.043081371 15.088003386 0.029190891 0.040943732 0.998734951 -0.240404144 0.000000000 0.000000000 0.000000000 1.000000000
1645868807.716061115 -0.367901414 0.929706022 -0.017183190 -3.063551117 -0.929656423 -0.367364969 0.027962747 14.594653371 0.019684632 0.026261997 0.999461266 -0.239924118 0.000000000 0.000000000 0.000000000 1.000000000
1645868808.616028070 -0.329651938 0.944017321 -0.012684555 -3.298286395 -0.943826404 -0.329200847 0.028609803 14.100672023 0.022832384 0.021403295 0.999510171 -0.220779166 0.000000000 0.000000000 0.000000000 1.000000000
1645868809.416268826 -0.275971197 0.961068833 -0.013660010 -3.483165248 -0.960835947 -0.275476239 0.030118500 13.631810453 0.025182943 0.021436867 0.999452990 -0.219105288 0.000000000 0.000000000 0.000000000 1.000000000
1645868810.215939283 -0.207523526 0.978141628 -0.013150764 -3.631552469 -0.978032660 -0.207192871 0.022874234 13.133370673 0.019649496 0.017608819 0.999651853 -0.211797729 0.000000000 0.000000000 0.000000000 1.000000000
1645868811.016241074 -0.141971881 0.989815952 -0.010409942 -3.756280938 -0.989584568 -0.141670158 0.025533307 12.641796392 0.023798497 0.013926530 0.999619769 -0.213950560 0.000000000 0.000000000 0.000000000 1.000000000
1645868811.916176558 -0.074496088 0.997116990 -0.014423620 -3.842460460 -0.996898345 -0.074096092 0.026522794 12.145301150 0.025377594 0.016354727 0.999544146 -0.189079970 0.000000000 0.000000000 0.000000000 1.000000000
1645868812.816071510 -0.011076447 0.999779190 -0.017857311 -3.892330979 -0.999605503 -0.010610039 0.026005101 11.639509489 0.025809892 0.018138311 0.999502302 -0.170800760 0.000000000 0.000000000 0.000000000 1.000000000
1645868813.716382980 0.033155533 0.999386050 -0.011324061 -3.914624100 -0.999146792 0.033422504 0.024261563 11.107349685 0.024625146 0.010509994 0.999641507 -0.108174913 0.000000000 0.000000000 0.000000000 1.000000000
1645868814.516087770 0.015585207 0.999787326 -0.013505697 -3.958673153 -0.999682127 0.015848442 0.019607943 10.597798639 0.019817817 0.013195810 0.999716522 -0.138650984 0.000000000 0.000000000 0.000000000 1.000000000
1645868815.316421032 0.009256617 0.999808759 -0.017226729 -4.019554558 -0.999559061 0.009737626 0.028051077 10.076361951 0.028213460 0.016959475 0.999458042 -0.153698325 0.000000000 0.000000000 0.000000000 1.000000000
1645868816.216244221 0.020428162 0.999600500 -0.019532784 -4.062752698 -0.999368999 0.020983432 0.028658334 9.517964660 0.029056750 0.018935022 0.999398404 -0.141972452 0.000000000 0.000000000 0.000000000 1.000000000
1645868817.016364336 0.019653943 0.999501076 -0.024724926 -4.108438017 -0.999331958 0.020400711 0.030322417 9.014521898 0.030811694 0.024112454 0.999234321 -0.174278870 0.000000000 0.000000000 0.000000000 1.000000000
1645868817.915929556 0.031149981 0.999074978 -0.029645680 -4.128941568 -0.999132508 0.031944540 0.026716614 8.468171420 0.027638918 0.028787740 0.999203361 -0.133845344 0.000000000 0.000000000 0.000000000 1.000000000
1645868818.816112518 0.041683345 0.998543399 -0.034257551 -4.159677089 -0.998743249 0.042597667 0.026407617 7.962613885 0.027828444 0.033113740 0.999064091 -0.100504689 0.000000000 0.000000000 0.000000000 1.000000000
1645868819.716045618 0.049390714 0.998174447 -0.034761064 -4.206062407 -0.998183260 0.050533758 0.032810355 7.432382889 0.034507065 0.033077386 0.998856921 -0.085661747 0.000000000 0.000000000 0.000000000 1.000000000
1645868820.616265059 0.032650931 0.998900920 -0.033628392 -4.240729453 -0.998931793 0.033715746 0.031599384 6.871069738 0.032698460 0.032560721 0.998934738 -0.098750986 0.000000000 0.000000000 0.000000000 1.000000000
1645868821.416137457 0.025068219 0.999225069 -0.030345430 -4.289237173 -0.999544672 0.025563068 0.016030527 6.348110509 0.016793827 0.029929756 0.999410915 -0.098635621 0.000000000 0.000000000 0.000000000 1.000000000
1645868822.216360807 0.024574220 0.999269217 -0.029276939 -4.335624873 -0.999674168 0.024765344 0.006183469 5.841670825 0.006904004 0.029115446 0.999552213 -0.075385250 0.000000000 0.000000000 0.000000000 1.000000000
1645868823.116046906 0.027007374 0.999417019 -0.020885979 -4.370697230 -0.999633724 0.027037754 0.001173491 5.300624685 0.001737517 0.020846636 0.999781175 -0.082448609 0.000000000 0.000000000 0.000000000 1.000000000
1645868824.316341639 0.032520981 0.999441855 -0.007639684 -4.409187554 -0.999455318 0.032476629 -0.005859615 4.786243278 -0.005608234 0.007826083 0.999953649 -0.072821356 0.000000000 0.000000000 0.000000000 1.000000000
1645868825.616338491 0.052464635 0.998596980 -0.007178645 -4.459853438 -0.998616525 0.052437502 -0.003917316 4.275286994 -0.003535390 0.007374234 0.999966560 -0.098993532 0.000000000 0.000000000 0.000000000 1.000000000
1645868826.816055536 0.070444860 0.997451318 -0.011330957 -4.482176121 -0.997491979 0.070516938 0.006092131 3.756441437 0.006875629 0.010873379 0.999917244 -0.082866803 0.000000000 0.000000000 0.000000000 1.000000000
1645868828.015999317 0.175881538 0.984329097 -0.012724542 -4.446173038 -0.984409136 0.175893796 -0.000158124 3.225627741 0.002082522 0.012553966 0.999919027 -0.112648137 0.000000000 0.000000000 0.000000000 1.000000000
1645868829.216099024 0.333012919 0.942831216 -0.013103176 -4.272844666 -0.942910719 0.332907920 -0.009575679 2.737182211 -0.004666098 0.015543950 0.999868298 -0.088430047 0.000000000 0.000000000 0.000000000 1.000000000
1645868830.615847826 0.516183665 0.856137903 -0.024131208 -4.025177377 -0.856322118 0.516422267 0.004524739 2.309858140 0.016335694 0.018328491 0.999698560 -0.117565297 0.000000000 0.000000000 0.000000000 1.000000000
1645868832.116075754 0.647295173 0.761961508 -0.020582013 -3.656185544 -0.762036251 0.647510096 0.005605991 1.974865830 0.017598611 0.012055509 0.999772451 -0.070382685 0.000000000 0.000000000 0.000000000 1.000000000
1645868833.316162586 0.752917018 0.657933319 -0.015482596 -3.231237804 -0.657984932 0.753027878 0.002201022 1.711075344 0.013106952 0.008530128 0.999877715 -0.064522587 0.000000000 0.000000000 0.000000000 1.000000000
1645868834.715999126 0.847821203 0.529995659 -0.017430091 -2.877466354 -0.530039955 0.847969407 0.002351819 1.346667329 0.016026638 0.007244723 0.999845318 -0.063928589 0.000000000 0.000000000 0.000000000 1.000000000
1645868836.016062260 0.916916566 0.398897851 -0.012021438 -2.456289443 -0.398925608 0.916983288 0.000096816 1.010856431 0.011062078 0.004706887 0.999927735 -0.022275586 0.000000000 0.000000000 0.000000000 1.000000000
1645868837.216116428 0.961770051 0.273593175 -0.012047525 -2.004025848 -0.273627470 0.961834917 -0.001264711 0.782649560 0.011241714 0.004512895 0.999926626 -0.038933016 0.000000000 0.000000000 0.000000000 1.000000000
1645868838.516065836 0.988623127 0.150304502 -0.005733214 -1.489604504 -0.150359232 0.988572946 -0.010753225 0.600097701 0.004051442 0.011492929 0.999925746 -0.039494593 0.000000000 0.000000000 0.000000000 1.000000000
1645868839.716059923 0.999372763 0.034929357 -0.005832696 -1.012158304 -0.034945325 0.999385689 -0.002658568 0.330705749 0.005736251 0.002860726 0.999979456 -0.022737939 0.000000000 0.000000000 0.000000000 1.000000000
1645868840.815649986 0.999166820 -0.040477886 -0.005216056 -0.527451127 0.040476577 0.999180424 -0.000356344 0.156236069 0.005226205 0.000144919 0.999986333 -0.043057304 0.000000000 0.000000000 0.000000000 1.000000000
1645868848.215906858 0.999559351 -0.029123385 -0.005738616 -0.017504308 0.029135369 0.999573442 0.002015824 0.123389760 0.005677460 -0.002182132 0.999981502 -0.027855184 0.000000000 0.000000000 0.000000000 1.000000000
1645868849.616055489 0.999854543 -0.014507106 -0.008968656 0.511229813 0.014532354 0.999890601 0.002756335 0.121291230 0.008927689 -0.002886270 0.999955982 -0.011907061 0.000000000 0.000000000 0.000000000 1.000000000
1645868850.616095543 0.999358463 -0.034184669 -0.010680383 1.014617920 0.034197136 0.999414620 0.000986846 0.116733397 0.010640396 -0.001351451 0.999942476 0.007312864 0.000000000 0.000000000 0.000000000 1.000000000
1645868851.616160154 0.999947983 -0.010176059 -0.000692714 1.581899047 0.010181750 0.999909642 0.008777282 0.143872353 0.000603333 -0.008783879 0.999961239 -0.025504103 0.000000000 0.000000000 0.000000000 1.000000000
1645868852.615960598 0.999400938 -0.026733185 -0.021979580 2.101299763 0.026657693 0.999637697 -0.003720526 0.234594526 0.022071078 0.003132372 0.999751497 -0.006106807 0.000000000 0.000000000 0.000000000 1.000000000
1645868853.615825891 0.999964422 -0.008416446 -0.000564597 2.641319752 0.008415232 0.999962347 -0.002118541 0.259884748 0.000582406 0.002113714 0.999997597 0.005917596 0.000000000 0.000000000 0.000000000 1.000000000
1645868854.515817165 0.999633800 0.026456524 -0.005684998 3.179402590 -0.026488462 0.999633333 -0.005617992 0.292547527 0.005534281 0.005766521 0.999968059 0.009100360 0.000000000 0.000000000 0.000000000 1.000000000
1645868855.415549278 0.999728639 0.023150296 -0.002590938 3.720370055 -0.023171385 0.999695970 -0.008429368 0.305006567 0.002395008 0.008487116 0.999961116 -0.004956246 0.000000000 0.000000000 0.000000000 1.000000000
1645868856.315321445 0.999823782 -0.018491639 -0.003234883 4.239037514 0.018457363 0.999776357 -0.010322855 0.362909797 0.003425046 0.010261329 0.999941485 0.004968878 0.000000000 0.000000000 0.000000000 1.000000000
1645868857.115327120 0.997627445 -0.068735830 -0.003855826 4.758349419 0.068678649 0.997548909 -0.013394664 0.419081989 0.004767069 0.013098071 0.999902853 -0.005918459 0.000000000 0.000000000 0.000000000 1.000000000
1645868857.915009737 0.993988065 -0.109471207 -0.001944803 5.286039353 0.109439721 0.993918704 -0.012188396 0.532114330 0.003267254 0.011902281 0.999923827 0.002774477 0.000000000 0.000000000 0.000000000 1.000000000
1645868858.815047503 0.989669289 -0.143260980 -0.005566825 5.807827950 0.143189799 0.989627506 -0.011579311 0.666051332 0.007167946 0.010662576 0.999917462 -0.010605310 0.000000000 0.000000000 0.000000000 1.000000000
1645868859.815047503 0.986775524 -0.162086899 0.001379621 6.299082756 0.162091621 0.986700740 -0.012163749 0.789990011 0.000610311 0.012226515 0.999925067 -0.012698681 0.000000000 0.000000000 0.000000000 1.000000000
1645868860.915150642 0.984293238 -0.176488365 0.004321772 6.817112446 0.176517715 0.984266861 -0.007761598 0.904645387 -0.002883946 0.008402557 0.999960539 -0.002079469 0.000000000 0.000000000 0.000000000 1.000000000
1645868862.114897013 0.983641677 -0.179982212 0.007446814 7.318620682 0.180043638 0.983620888 -0.008616085 1.045460943 -0.005774099 0.009815891 0.999935152 -0.014685473 0.000000000 0.000000000 0.000000000 1.000000000
