1645868413.115920544 1.000000000 0.000000000 -0.000000000 0.000041408 -0.000000000 1.000000000 0.000000000 -0.000056138 0.000000000 -0.000000000 1.000000000 -0.000041564 0.000000000 0.000000000 0.000000000 1.000000000
1645868421.215953827 0.998113709 -0.061258108 -0.004058020 0.499367612 0.061294061 0.998075269 0.009423188 -0.049307979 0.003472963 -0.009654145 0.999947367 0.005397956 0.000000000 0.000000000 0.000000000 1.000000000
1645868422.715677738 0.991875291 -0.127050442 -0.006449280 1.003941025 0.127089869 0.991872311 0.006122376 -0.009724147 0.005619011 -0.006892272 0.999960461 -0.008161782 0.000000000 0.000000000 0.000000000 1.000000000
1645868424.415634394 0.981715651 -0.190352788 -0.000443273 1.518211389 0.190352741 0.981715749 -0.000145478 0.097734484 0.000462860 0.000058440 0.999999891 -0.004825691 0.000000000 0.000000000 0.000000000 1.000000000
1645868426.115129471 0.974853572 -0.222577922 -0.010935353 2.017004029 0.222508609 0.974904086 -0.007207129 0.198971902 0.012265068 0.004592685 0.999914234 0.010408165 0.000000000 0.000000000 0.000000000 1.000000000
1645868427.815176725 0.965685098 -0.259492985 0.010755552 2.520467232 0.259433162 0.965738160 0.006651404 0.336851918 -0.012113040 -0.003632815 0.999920035 0.010992484 0.000000000 0.000000000 0.000000000 1.000000000
1645868429.714985132 0.958850430 -0.283884285 -0.003945345 3.016157741 0.283885630 0.958858122 -0.000226600 0.521261971 0.003847355 -0.000902752 0.999992191 0.004155984 0.000000000 0.000000000 0.000000000 1.000000000
1645868431.215128899 0.955553650 -0.294811695 0.001812778 3.518782894 0.294817172 0.955540243 -0.005067511 0.677363052 -0.000238221 0.005376716 0.999985517 0.012497196 0.000000000 0.000000000 0.000000000 1.000000000
1645868432.514899731 0.952675790 -0.303962355 0.003965670 3.996622673 0.303970836 0.952679761 -0.001732953 0.843131578 -0.003251261 0.002856390 0.999990635 0.013019276 0.000000000 0.000000000 0.000000000 1.000000000
1645868433.914882660 0.950204802 -0.311625651 0.000535658 4.469159464 0.311624881 0.950204477 0.001177352 1.028796395 -0.000875877 -0.000951802 0.999999163 0.011386377 0.000000000 0.000000000 0.000000000 1.000000000
1645868435.414958954 0.947343543 -0.320214839 0.001633536 4.963666233 0.320214123 0.947344942 0.000689901 1.196955576 -0.001768439 -0.000130492 0.999998428 0.028684571 0.000000000 0.000000000 0.000000000 1.000000000
1645868436.815085173 0.940148432 -0.340743517 0.003844715 5.449972573 0.340719395 0.940147206 0.005790038 1.405118734 -0.005587516 -0.004133526 0.999975847 0.016791041 0.000000000 0.000000000 0.000000000 1.000000000
1645868438.215046644 0.939796413 -0.341734809 0.000146657 5.920813996 0.341733752 0.939794417 0.002120596 1.589482004 -0.000862509 -0.001942811 0.999997741 0.031208019 0.000000000 0.000000000 0.000000000 1.000000000
1645868439.714809895 0.938034524 -0.346503600 0.005146507 6.421977139 0.346540100 0.937973183 -0.010782704 1.782903720 -0.001091040 0.011898020 0.999928621 0.018829817 0.000000000 0.000000000 0.000000000 1.000000000
1645868441.214887142 0.930507026 -0.366233323 0.005461373 6.909211958 0.366259478 0.930233619 -0.022790545 1.982019219 0.003266304 0.023207042 0.999725345 -0.019803465 0.000000000 0.000000000 0.000000000 1.000000000
1645868442.514823914 0.926252379 -0.376770122 0.010040240 7.374189409 0.376901818 0.925830606 -0.027976937 2.165202926 0.001245313 0.029697889 0.999558145 0.017088739 0.000000000 0.000000000 0.000000000 1.000000000
1645868443.915058374 0.926414911 -0.376389793 0.009280937 7.864834682 0.376504194 0.926129561 -0.022991918 2.364694162 0.000058573 0.024794368 0.999692571 0.026395764 0.000000000 0.000000000 0.000000000 1.000000000
1645868445.115030766 0.930226668 -0.366591438 0.017001876 8.340841754 0.366863031 0.930114496 -0.017278327 2.531864333 -0.009479605 0.022310120 0.999706155 0.015845628 0.000000000 0.000000000 0.000000000 1.000000000
1645868446.415189266 0.934316348 -0.356295874 0.010305960 8.833212807 0.356357449 0.934337025 -0.004867417 2.742546505 -0.007894999 0.008220312 0.999935046 0.005346045 0.000000000 0.000000000 0.000000000 1.000000000
1645868447.614887476 0.937302088 -0.348515027 -0.001439669 9.347958853 0.348502207 0.937290942 -0.005648163 2.914014733 0.003317858 0.004792307 0.999983013 0.001300070 0.000000000 0.000000000 0.000000000 1.000000000
1645868448.715087652 0.941348558 -0.337425378 -0.002647101 9.831000022 0.337393399 0.941325719 -0.008460764 3.108229314 0.005346660 0.007071414 0.999960703 0.009912283 0.000000000 0.000000000 0.000000000 1.000000000
1645868449.915076733 0.941273606 -0.337644313 -0.000563318 10.336869946 0.337641406 0.941270344 -0.002901842 3.269179714 0.001510025 0.002541227 0.999995631 0.086759364 0.000000000 0.000000000 0.000000000 1.000000000
1645868451.014903069 0.928380950 -0.371606099 -0.004209279 10.802815002 0.371588308 0.928386937 -0.004452578 3.450877847 0.005562445 0.002569570 0.999981228 0.019630224 0.000000000 0.000000000 0.000000000 1.000000000
1645868452.215136528 0.911171928 -0.411996721 0.004941583 11.275990311 0.412012416 0.911174223 -0.002702703 3.659397402 -0.003389138 0.004498620 0.999984138 0.012389423 0.000000000 0.000000000 0.000000000 1.000000000
1645868453.615312338 0.892174761 -0.451613114 0.008354080 11.746873726 0.451597654 0.892213775 0.003760024 3.861900735 -0.009151701 0.000418084 0.999958035 0.005936331 0.000000000 0.000000000 0.000000000 1.000000000
1645868455.115183830 0.876783309 -0.480827840 0.007457754 12.205855025 0.480847979 0.876803319 -0.001077573 4.109959892 -0.006020857 0.004530844 0.999971610 0.009521148 0.000000000 0.000000000 0.000000000 1.000000000
1645868456.515069008 0.854829482 -0.518875435 0.005902474 12.642945109 0.518868714 0.854849555 0.002737855 4.395570538 -0.006466333 0.000722210 0.999978832 -0.027476036 0.000000000 0.000000000 0.000000000 1.000000000
1645868457.715399265 0.839452346 -0.543396757 0.006302639 13.067078532 0.543377637 0.839475902 0.004577586 4.666742898 -0.007778359 -0.000417952 0.999969661 0.018270855 0.000000000 0.000000000 0.000000000 1.000000000
1645868459.015464783 0.829097092 -0.558939106 0.013604727 13.515710359 0.558894951 0.829207112 0.007210982 4.952734245 -0.015311636 0.001625009 0.999881450 0.019600405 0.000000000 0.000000000 0.000000000 1.000000000
1645868460.415241718 0.880284710 -0.474225367 0.014461341 13.971946378 0.473819216 0.880279661 0.024557464 5.245042917 -0.024375797 -0.014765499 0.999593818 -0.006242105 0.000000000 0.000000000 0.000000000 1.000000000
1645868461.915359020 0.917227742 -0.398101151 0.014447934 14.412287584 0.397742784 0.917220066 0.022539471 5.498124748 -0.022224924 -0.014927266 0.999641550 -0.005660570 0.000000000 0.000000000 0.000000000 1.000000000
1645868463.515312433 0.933295383 -0.358940630 0.011016013 14.886706053 0.358767016 0.933305822 0.015048978 5.749100239 -0.015682999 -0.010092960 0.999826073 -0.033599402 0.000000000 0.000000000 0.000000000 1.000000000
1645868464.715343475 0.946675341 -0.322015783 0.010565707 15.370827044 0.321715812 0.946553154 0.023153046 5.950461879 -0.017456649 -0.018519262 0.999676099 -0.042821958 0.000000000 0.000000000 0.000000000 1.000000000
1645868465.914922953 0.961451674 -0.274479035 0.016490556 15.838212350 0.273589347 0.960899309 0.042677709 6.138786649 -0.027559900 -0.036520914 0.998952789 -0.043430303 0.000000000 0.000000000 0.000000000 1.000000000
1645868466.915076017 0.979903220 -0.199345974 0.007131710 16.309276612 0.198811838 0.978938061 0.046412562 6.311334964 -0.016233660 -0.044061951 0.998896898 -0.074664926 0.000000000 0.000000000 0.000000000 1.000000000
1645868468.115284204 0.970205829 -0.242266388 -0.002765136 16.792868292 0.242170024 0.969346392 0.041487966 6.492938878 -0.007370765 -0.040921499 0.999135177 -0.071783318 0.000000000 0.000000000 0.000000000 1.000000000
1645868469.514928341 0.969026533 -0.246569282 0.013826317 17.254624918 0.246167124 0.968886785 0.025693297 6.693782025 -0.019731313 -0.021493902 0.999574253 -0.066355884 0.000000000 0.000000000 0.000000000 1.000000000
1645868470.915354729 0.973480660 -0.228745717 -0.003286426 17.725351327 0.228764548 0.973452711 0.007523388 6.904751443 0.001478238 -0.008075691 0.999966298 -0.098912248 0.000000000 0.000000000 0.000000000 1.000000000
1645868472.115193129 0.985503401 -0.169268066 0.011461644 18.209124676 0.169253279 0.985570009 0.002255098 7.062635642 -0.011677969 -0.000282486 0.999931770 -0.073870105 0.000000000 0.000000000 0.000000000 1.000000000
1645868473.114791870 0.997437014 -0.068367603 0.021101536 18.690563945 0.068153545 0.997617434 0.010702775 7.315650331 -0.021782984 -0.009237200 0.999720049 -0.095683509 0.000000000 0.000000000 0.000000000 1.000000000
1645868474.314924240 0.999991246 0.001216336 0.004003592 19.224627787 -0.001428130 0.998575895 0.053330506 7.426160310 -0.003933023 -0.053335757 0.998568890 -0.110342930 0.000000000 0.000000000 0.000000000 1.000000000
1645868475.415023088 0.999694677 0.023925020 0.006176293 19.748718390 -0.024313182 0.997022383 0.073179481 7.484251108 -0.004407082 -0.073307303 0.997299663 -0.113580276 0.000000000 0.000000000 0.000000000 1.000000000
1645868476.614975214 0.999864342 0.016469806 0.000207018 20.290518056 -0.016444997 0.997493162 0.068825525 7.545758456 0.000927044 -0.068819593 0.997628691 -0.100903157 0.000000000 0.000000000 0.000000000 1.000000000
1645868477.915164948 0.999611208 0.019633904 -0.019797520 20.818894799 -0.018258968 0.997559731 0.067388374 7.581956269 0.021072306 -0.067000691 0.997530383 -0.104256754 0.000000000 0.000000000 0.000000000 1.000000000
1645868479.114823580 0.996704421 0.080611377 0.009061033 21.369054837 -0.080902266 0.995980652 0.038436499 7.560755984 -0.005926195 -0.039042886 0.999219962 -0.091558740 0.000000000 0.000000000 0.000000000 1.000000000
1645868480.015041351 0.999206967 0.029234711 0.027032750 21.885096121 -0.030457800 0.998477086 0.045998156 7.587759567 -0.025646839 -0.046785036 0.998575686 -0.111772288 0.000000000 0.000000000 0.000000000 1.000000000
1645868480.914890528 0.998734242 0.025482456 0.043365408 22.415408131 -0.027710887 0.998283981 0.051586821 7.592794645 -0.041976433 -0.052723219 0.997726536 -0.121693160 0.000000000 0.000000000 0.000000000 1.000000000
1645868481.815113544 0.995197390 0.091265320 0.035394852 22.953167985 -0.093220807 0.993941808 0.058219954 7.588243079 -0.029866961 -0.061239883 0.997676121 -0.157540433 0.000000000 0.000000000 0.000000000 1.000000000
1645868482.614980698 0.993528693 0.106786336 0.038696445 23.519597650 -0.108507923 0.993053123 0.045514025 7.548343380 -0.033567350 -0.049418361 0.998213934 -0.173123050 0.000000000 0.000000000 0.000000000 1.000000000
1645868483.315172434 0.996713548 0.077670358 0.023009103 24.051374837 -0.078532887 0.996136091 0.039312517 7.572272120 -0.019866780 -0.040990289 0.998962015 -0.190288765 0.000000000 0.000000000 0.000000000 1.000000000
1645868484.015182018 0.998212096 0.058754727 0.010976927 24.563310473 -0.059136201 0.997509014 0.038453566 7.592093277 -0.008690255 -0.039033948 0.999200095 -0.184950176 0.000000000 0.000000000 0.000000000 1.000000000
1645868484.715154648 0.998430606 0.053254846 0.017327631 25.064630345 -0.054011926 0.997450686 0.046635195 7.618936724 -0.014799907 -0.047497905 0.998761689 -0.196954798 0.000000000 0.000000000 0.000000000 1.000000000
1645868485.515160084 0.997809896 0.065459798 0.009509324 25.598709110 -0.065940816 0.995707939 0.064942346 7.652055591 -0.005217396 -0.065427168 0.997843707 -0.187841952 0.000000000 0.000000000 0.000000000 1.000000000
1645868486.315001726 0.996472839 0.079965067 0.025445428 26.119442332 -0.081153950 0.995459558 0.049742381 7.656988668 -0.021352241 -0.051631928 0.998437893 -0.201928646 0.000000000 0.000000000 0.000000000 1.000000000
1645868487.215125322 0.999142230 0.039511217 0.012396270 26.644206914 -0.040115450 0.997787383 0.053019713 7.689064685 -0.010273969 -0.053471516 0.998516521 -0.218990761 0.000000000 0.000000000 0.000000000 1.000000000
1645868488.014889717 0.999503226 0.027087242 0.016111567 27.160152284 -0.028095010 0.997422985 0.066015597 7.704780819 -0.014281867 -0.066435457 0.997688508 -0.204748974 0.000000000 0.000000000 0.000000000 1.000000000
1645868488.815159082 0.999375355 0.032513239 0.013848763 27.689857522 -0.033243714 0.997862205 0.056266106 7.732318687 -0.011989764 -0.056691344 0.998319757 -0.212172143 0.000000000 0.000000000 0.000000000 1.000000000
1645868489.615163326 0.998579913 0.052025371 0.011468133 28.208136674 -0.052490057 0.997614067 0.044843813 7.736660812 -0.009107755 -0.045382094 0.998928183 -0.241664999 0.000000000 0.000000000 0.000000000 1.000000000
1645868490.614973068 0.999136830 0.039855598 0.011710093 28.722636150 -0.040394346 0.997927896 0.050082040 7.757294089 -0.009689779 -0.050511832 0.998676456 -0.223366420 0.000000000 0.000000000 0.000000000 1.000000000
1645868491.514951229 0.998234573 0.056953718 0.016852645 29.227331376 -0.057739514 0.997051392 0.050543750 7.692120322 -0.013924299 -0.051427582 0.998579650 -0.244618242 0.000000000 0.000000000 0.000000000 1.000000000
1645868492.415035248 0.996796010 0.078964381 0.012741309 29.787457368 -0.079466705 0.995799833 0.045472362 7.649799803 -0.009097097 -0.046339179 0.998884339 -0.283138844 0.000000000 0.000000000 0.000000000 1.000000000
1645868493.314947605 0.997017443 0.076178002 0.012374567 30.290021481 -0.076583028 0.996396535 0.036455239 7.595276861 -0.009552889 -0.037294191 0.999258668 -0.269166288 0.000000000 0.000000000 0.000000000 1.000000000
1645868494.214970350 0.998530566 0.050577618 0.019457969 30.802490407 -0.051296620 0.997944101 0.038421701 7.565177402 -0.017474687 -0.039363371 0.999072150 -0.290522409 0.000000000 0.000000000 0.000000000 1.000000000
1645868495.115189075 0.998861145 0.045253202 0.015118192 31.307535440 -0.045721645 0.998434217 0.032228011 7.548825426 -0.013636100 -0.032882536 0.999366197 -0.249785758 0.000000000 0.000000000 0.000000000 1.000000000
1645868496.014970779 0.998901864 0.045397820 0.011580359 31.811489650 -0.045656640 0.998688654 0.023161259 7.507670160 -0.010513702 -0.023664545 0.999664669 -0.272489247 0.000000000 0.000000000 0.000000000 1.000000000
1645868497.014972687 0.999649467 0.025875096 0.005605614 32.317547878 -0.026000743 0.999382377 0.023639502 7.467488957 -0.004990477 -0.023776966 0.999704832 -0.294057700 0.000000000 0.000000000 0.000000000 1.000000000
1645868497.914982319 0.999878248 0.001363125 0.015544464 32.816888658 -0.001582270 0.999899418 0.014094324 7.412977524 -0.015523688 -0.014117204 0.999779836 -0.256427535 0.000000000 0.000000000 0.000000000 1.000000000
1645868498.614809752 0.999106866 -0.034173704 0.024852144 33.322493764 0.033738017 0.999273181 0.017744207 7.400370487 -0.025440466 -0.016889897 0.999533648 -0.328372764 0.000000000 0.000000000 0.000000000 1.000000000
1645868499.414978743 0.998972180 -0.040071381 0.021186485 33.885464982 0.039436056 0.998783586 0.029599758 7.497243191 -0.022346816 -0.028733824 0.999337274 -0.324533700 0.000000000 0.000000000 0.000000000 1.000000000
1645868500.214955568 0.999950879 -0.004868037 0.008633742 34.407170884 0.004623963 0.999595323 0.028067934 7.484260644 -0.008766883 -0.028026633 0.999568732 -0.331741013 0.000000000 0.000000000 0.000000000 1.000000000
1645868501.114994526 0.999649839 0.018631841 0.018789712 34.934248654 -0.019128378 0.999463077 0.026601932 7.495203459 -0.018283981 -0.026952033 0.999469501 -0.287621096 0.000000000 0.000000000 0.000000000 1.000000000
1645868502.115072250 0.999848984 0.005334564 0.016539416 35.450619809 -0.006040130 0.999060792 0.042907470 7.546973658 -0.016294989 -0.043000891 0.998942139 -0.339315121 0.000000000 0.000000000 0.000000000 1.000000000
1645868503.014747620 0.999759415 -0.002553857 0.021785089 35.954662130 0.001456093 0.998735185 0.050258430 7.533834779 -0.021885888 -0.050214617 0.998498623 -0.278953961 0.000000000 0.000000000 0.000000000 1.000000000
1645868503.814982891 0.999567005 0.026887903 0.011951687 36.480006987 -0.027419586 0.998527643 0.046805040 7.547991168 -0.010675600 -0.047112484 0.998832541 -0.359637260 0.000000000 0.000000000 0.000000000 1.000000000
1645868504.715232372 0.998484748 0.051205907 0.020153486 37.025999510 -0.051938058 0.997940047 0.037657678 7.521745865 -0.018183675 -0.038647350 0.999087452 -0.352377218 0.000000000 0.000000000 0.000000000 1.000000000
1645868505.714806318 0.998955450 0.038083549 0.025251772 37.580639237 -0.038790767 0.998851199 0.028134637 7.547123569 -0.024151296 -0.029084784 0.999285140 -0.351859084 0.000000000 0.000000000 0.000000000 1.000000000
1645868506.715101004 0.999575578 0.025549325 0.013996279 38.134984229 -0.026094697 0.998847730 0.040277534 7.588604423 -0.012951088 -0.040625668 0.999090499 -0.374893051 0.000000000 0.000000000 0.000000000 1.000000000
1645868507.614965916 0.997212416 0.071955727 0.019742607 38.702355340 -0.072810074 0.996254447 0.046645158 7.589173203 -0.016312273 -0.047952591 0.998716406 -0.414219455 0.000000000 0.000000000 0.000000000 1.000000000
1645868508.415245295 0.998570241 0.050347531 0.017961073 39.230809780 -0.051027523 0.997909573 0.039656989 7.587235635 -0.015926895 -0.040516798 0.999051912 -0.396346927 0.000000000 0.000000000 0.000000000 1.000000000
1645868509.215144396 0.998351905 0.050385911 0.027472418 39.787561234 -0.051386545 0.997992359 0.037022612 7.548065529 -0.025551845 -0.038373308 0.998936731 -0.402804426 0.000000000 0.000000000 0.000000000 1.000000000
1645868510.015010118 0.999182212 0.037534833 0.015034727 40.361729488 -0.037985071 0.998801275 0.030873076 7.516121071 -0.013857889 -0.031418923 0.999410231 -0.436747225 0.000000000 0.000000000 0.000000000 1.000000000
1645868510.715124130 0.998640827 0.038043785 0.035625403 40.897508741 -0.039455222 0.998428727 0.039791495 7.478908125 -0.034055607 -0.041143020 0.998572715 -0.425399759 0.000000000 0.000000000 0.000000000 1.000000000
1645868511.414891481 0.998549119 0.052070626 0.013722509 41.442376049 -0.052436726 0.998236485 0.027826405 7.476445067 -0.012249371 -0.028505596 0.999518576 -0.455032948 0.000000000 0.000000000 0.000000000 1.000000000
1645868512.115036726 0.996082808 0.088195176 0.006375783 41.965434933 -0.088336624 0.995722412 0.027083546 7.448154366 -0.003959872 -0.027540670 0.999612841 -0.445175512 0.000000000 0.000000000 0.000000000 1.000000000
1645868512.915102482 0.994896114 0.100838187 -0.003658210 42.518218670 -0.100735566 0.994674415 0.021798048 7.402239650 0.005836803 -0.021318281 0.999755701 -0.369209332 0.000000000 0.000000000 0.000000000 1.000000000
1645868513.614976645 0.997525462 0.070276335 -0.002046827 43.033516947 -0.070214235 0.997287346 0.022088704 7.379019334 0.003593588 -0.021890328 0.999753920 -0.442088516 0.000000000 0.000000000 0.000000000 1.000000000
1645868514.315209627 0.996595215 0.073157285 0.038026170 43.604796623 -0.074430881 0.996672364 0.033230144 7.392381411 -0.035468606 -0.035947324 0.998724070 -0.465697971 0.000000000 0.000000000 0.000000000 1.000000000
1645868515.015190840 0.993930498 0.108475180 0.018311190 44.139715337 -0.109131225 0.993232442 0.039745348 7.383849564 -0.013875885 -0.041502436 0.999042045 -0.461610471 0.000000000 0.000000000 0.000000000 1.000000000
1645868515.715028048 0.989371098 0.142677620 0.028070037 44.705113324 -0.143976286 0.988238582 0.051529932 7.349321194 -0.020387726 -0.055023645 0.998276885 -0.462209610 0.000000000 0.000000000 0.000000000 1.000000000
1645868516.415099621 0.983344048 0.180452070 0.021714836 45.258430217 -0.181295364 0.982318910 0.046707072 7.282851942 -0.012902506 -0.049865921 0.998672577 -0.487555796 0.000000000 0.000000000 0.000000000 1.000000000
1645868517.114898682 0.973764052 0.223814434 0.041117750 45.845789496 -0.225397615 0.973485594 0.039009149 7.211322977 -0.031296726 -0.047253549 0.998392516 -0.484896931 0.000000000 0.000000000 0.000000000 1.000000000
1645868517.715259075 0.965572449 0.257689481 0.035580575 46.359442496 -0.258888014 0.965287944 0.034585852 7.108503301 -0.025433090 -0.042606530 0.998768162 -0.533604479 0.000000000 0.000000000 0.000000000 1.000000000
1645868518.415062904 0.960649935 0.276963615 0.021044184 46.906576998 -0.277542018 0.960144774 0.033052092 7.017675256 -0.011051236 -0.037592135 0.999232056 -0.453319496 0.000000000 0.000000000 0.000000000 1.000000000
1645868519.115094662 0.960428750 0.278203680 0.013391397 47.464160869 -0.278504940 0.959834519 0.033951362 6.908403731 -0.003408131 -0.036337434 0.999333766 -0.515617725 0.000000000 0.000000000 0.000000000 1.000000000
1645868519.814969063 0.959216351 0.282069213 0.018464846 47.976603273 -0.282553192 0.958663370 0.033589220 6.774045321 -0.008227086 -0.037436630 0.999265137 -0.533456403 0.000000000 0.000000000 0.000000000 1.000000000
1645868520.614980221 0.960109404 0.278262283 0.027568700 48.547550117 -0.279099705 0.959676394 0.033534656 6.712239541 -0.017125601 -0.039891354 0.999057252 -0.518445278 0.000000000 0.000000000 0.000000000 1.000000000
1645868521.314752340 0.964271914 0.262524730 0.035502698 49.046741606 -0.263892166 0.963648059 0.041753357 6.642565921 -0.023250817 -0.049630474 0.998496978 -0.553471973 0.000000000 0.000000000 0.000000000 1.000000000
1645868522.115204334 0.966204647 0.254015334 0.043872441 49.590652127 -0.255392465 0.966395756 0.029222125 6.562814232 -0.034975273 -0.039439244 0.998609672 -0.588355693 0.000000000 0.000000000 0.000000000 1.000000000
1645868522.914925337 0.968405421 0.249286079 -0.006884136 50.095777225 -0.248967350 0.968019759 0.030870771 6.406453317 0.014359633 -0.028181497 0.999499677 -0.544756026 0.000000000 0.000000000 0.000000000 1.000000000
1645868523.715067148 0.987576085 0.155943667 0.019366156 50.614894232 -0.156463042 0.987256167 0.029061609 6.342521130 -0.014587383 -0.031730638 0.999390001 -0.627075002 0.000000000 0.000000000 0.000000000 1.000000000
1645868524.615209579 0.990505589 0.134440822 0.028711369 51.156481795 -0.135364044 0.990243670 0.033076425 6.231966242 -0.023984430 -0.036648871 0.999040343 -0.579962793 0.000000000 0.000000000 0.000000000 1.000000000
1645868525.315145016 0.990506529 0.133399218 0.033188332 51.661207949 -0.134148343 0.990728774 0.021464356 6.132851400 -0.030017307 -0.025712745 0.999218603 -0.577437907 0.000000000 0.000000000 0.000000000 1.000000000
1645868526.015047550 0.988560015 0.149589237 0.019291354 52.231394481 -0.150034033 0.988386032 0.024142083 5.978419853 -0.015455909 -0.026760257 0.999522388 -0.609690804 0.000000000 0.000000000 0.000000000 1.000000000
1645868526.714725256 0.985007708 0.171694847 0.016753956 52.763394409 -0.171903097 0.985042093 0.011891165 5.811671527 -0.014461700 -0.014592946 0.999788930 -0.592284433 0.000000000 0.000000000 0.000000000 1.000000000
1645868527.415019274 0.980755888 0.194793700 0.013164472 53.304886349 -0.194870376 0.980817237 0.004804528 5.665256844 -0.011976049 -0.007277435 0.999901802 -0.588557477 0.000000000 0.000000000 0.000000000 1.000000000
1645868528.114892721 0.987458814 0.157659901 0.008273262 53.822312913 -0.157626816 0.987488438 -0.004513416 5.589425050 -0.008881335 0.003152725 0.999955590 -0.587644309 0.000000000 0.000000000 0.000000000 1.000000000
1645868528.915204048 0.992847172 0.117543399 0.020929469 54.373839584 -0.117613179 0.993057199 0.002130657 5.488009985 -0.020533715 -0.004576998 0.999778684 -0.550229085 0.000000000 0.000000000 0.000000000 1.000000000
1645868529.715161085 0.994636330 0.102628544 0.012882271 54.890128933 -0.102609197 0.994719411 -0.002155712 5.433302413 -0.013035482 0.000822310 0.999914696 -0.616444633 0.000000000 0.000000000 0.000000000 1.000000000
1645868530.615020514 0.996402168 0.082549555 0.019190913 55.416642042 -0.082441380 0.996575605 -0.006362532 5.362327605 -0.019650420 0.004757516 0.999795593 -0.613066458 0.000000000 0.000000000 0.000000000 1.000000000
1645868531.715395212 0.996616083 0.081971517 0.006087144 55.949765529 -0.081862429 0.996508505 -0.016411664 5.290509339 -0.007411179 0.015857820 0.999846790 -0.622593575 0.000000000 0.000000000 0.000000000 1.000000000
1645868532.514912605 0.995033208 0.098954316 0.010814701 56.485216858 -0.098721090 0.994907832 -0.020311380 5.202872358 -0.012769529 0.019142858 0.999735210 -0.641364430 0.000000000 0.000000000 0.000000000 1.000000000
1645868533.215300560 0.994170832 0.105951167 0.019967660 57.035076855 -0.105640932 0.994275578 -0.016002106 5.123115170 -0.021548799 0.013799425 0.999672559 -0.665809663 0.000000000 0.000000000 0.000000000 1.000000000
1645868533.914785862 0.995463035 0.094130277 0.013886606 57.592772039 -0.093877186 0.995423329 -0.017873712 5.025626852 -0.015505509 0.016488985 0.999743813 -0.681092238 0.000000000 0.000000000 0.000000000 1.000000000
1645868534.615051985 0.997254447 0.072434819 0.015387148 58.134011919 -0.072122627 0.997196060 -0.019958576 4.952441100 -0.016789699 0.018794018 0.999682395 -0.671020603 0.000000000 0.000000000 0.000000000 1.000000000
1645868535.315009356 0.998374915 0.055622629 0.012395615 58.697405100 -0.055206478 0.997971394 -0.031707123 4.879010295 -0.014134103 0.030971278 0.999420336 -0.684265949 0.000000000 0.000000000 0.000000000 1.000000000
1645868536.014791250 0.998785877 0.044492347 0.021147168 59.278895707 -0.043767463 0.998477014 -0.033586639 4.808009481 -0.022609310 0.032620303 0.999212057 -0.683301973 0.000000000 0.000000000 0.000000000 1.000000000
1645868536.714777231 0.998642144 0.049377131 0.016606232 59.835482496 -0.048923681 0.998445968 -0.026685633 4.757523144 -0.017898086 0.025836960 0.999505933 -0.702157755 0.000000000 0.000000000 0.000000000 1.000000000
1645868537.415119648 0.998764627 0.048803369 0.009351482 60.348801707 -0.048536694 0.998459405 -0.026888774 4.687568805 -0.010649337 0.026401666 0.999594690 -0.701597406 0.000000000 0.000000000 0.000000000 1.000000000
1645868538.215050697 0.999602936 0.026958269 0.008198927 60.867638406 -0.026862937 0.999572705 -0.011523417 4.632541739 -0.008506075 0.011298594 0.999899989 -0.717311873 0.000000000 0.000000000 0.000000000 1.000000000
1645868539.014745474 0.999711553 -0.021703339 0.010284735 61.383935385 0.021778442 0.999736552 -0.007247533 4.614093217 -0.010124730 0.007469428 0.999920846 -0.732588855 0.000000000 0.000000000 0.000000000 1.000000000
1645868539.914732933 0.996593732 -0.081801684 0.010460321 61.914586057 0.081916986 0.996577177 -0.011114729 4.580471822 -0.009515314 0.011933747 0.999883515 -0.724686401 0.000000000 0.000000000 0.000000000 1.000000000
1645868540.715011835 0.997315072 -0.073030754 0.005399705 62.427827598 0.073043793 0.997326178 -0.002258172 4.592756567 -0.005220351 0.002646523 0.999982872 -0.721415987 0.000000000 0.000000000 0.000000000 1.000000000
1645868541.515226603 0.999954088 -0.005126175 0.008095949 62.953293972 0.005052529 0.999945911 0.009090996 4.568765793 -0.008142113 -0.009049674 0.999925902 -0.726071495 0.000000000 0.000000000 0.000000000 1.000000000
1645868542.214735985 0.999999271 0.000567055 -0.001065979 63.472800713 -0.000564383 0.999996701 0.002505711 4.541722706 0.001067397 -0.002505107 0.999996293 -0.707448338 0.000000000 0.000000000 0.000000000 1.000000000
1645868542.915001631 0.999694297 -0.002937656 0.024549597 64.052637380 0.002147824 0.999481147 0.032137579 4.577086235 -0.024631269 -0.032075026 0.999181912 -0.729637233 0.000000000 0.000000000 0.000000000 1.000000000
1645868543.714766741 0.999902721 0.001205352 0.013895876 64.620162138 -0.001501002 0.999772315 0.021285350 4.553381765 -0.013867056 -0.021304137 0.999676867 -0.748758060 0.000000000 0.000000000 0.000000000 1.000000000
1645868544.414956808 0.999837127 0.007511907 0.016410087 65.150550339 -0.007813900 0.999799860 0.018416939 4.540175378 -0.016268456 -0.018542166 0.999695716 -0.753440150 0.000000000 0.000000000 0.000000000 1.000000000
1645868545.114981651 0.999497528 0.031464277 0.003832836 65.670722809 -0.031495335 0.999469170 0.008332026 4.434270630 -0.003568640 -0.008448556 0.999957942 -0.759725094 0.000000000 0.000000000 0.000000000 1.000000000
1645868545.815029860 0.999963930 -0.006890619 0.004965689 66.201187507 0.006811338 0.999851820 0.015809616 4.369933833 -0.005073891 -0.015775222 0.999862690 -0.735834385 0.000000000 0.000000000 0.000000000 1.000000000
1645868546.615344048 0.999936391 -0.010999720 -0.002493951 66.735351224 0.011008844 0.999932648 0.003674955 4.324214305 0.002453360 -0.003702176 0.999990137 -0.749306572 0.000000000 0.000000000 0.000000000 1.000000000
1645868547.314634085 0.999837267 -0.011958899 0.013506452 67.246656930 0.012027511 0.999915115 -0.005010248 4.257311611 -0.013445389 0.005171881 0.999896231 -0.757480852 0.000000000 0.000000000 0.000000000 1.000000000
1645868548.114808321 0.999891648 -0.014633238 -0.001599944 67.815775397 0.014608598 0.999788760 -0.014457687 4.190308805 0.001811169 0.014432748 0.999894202 -0.745421614 0.000000000 0.000000000 0.000000000 1.000000000
1645868548.815041780 0.999346491 -0.035952997 0.003738099 68.349532370 0.036025600 0.999117057 -0.021616237 4.184206404 -0.002957630 0.021736778 0.999759354 -0.732391876 0.000000000 0.000000000 0.000000000 1.000000000
1645868549.514862299 0.999852930 -0.015729695 0.006833404 68.908117868 0.015847457 0.999720649 -0.017535167 4.196137060 -0.006555672 0.017640880 0.999822896 -0.763155335 0.000000000 0.000000000 0.000000000 1.000000000
1645868550.215107441 0.999808263 -0.016297711 0.010854620 69.421598934 0.016533797 0.999620643 -0.022027333 4.180030701 -0.010491507 0.022202578 0.999698441 -0.768919979 0.000000000 0.000000000 0.000000000 1.000000000
1645868550.914964676 0.999215612 -0.035668711 0.017201860 69.943931332 0.035942560 0.999227645 -0.015882277 4.191415710 -0.016622074 0.016488098 0.999725887 -0.758269107 0.000000000 0.000000000 0.000000000 1.000000000
1645868551.615044117 0.999558748 -0.022392012 0.019516818 70.476037544 0.022554014 0.999712646 -0.008120402 4.192315630 -0.019329378 0.008557001 0.999776551 -0.797941484 0.000000000 0.000000000 0.000000000 1.000000000
1645868552.314787865 0.999891418 0.011219191 0.009554132 71.028563644 -0.011165465 0.999921655 -0.005658206 4.227962660 -0.009616864 0.005550915 0.999938350 -0.788814545 0.000000000 0.000000000 0.000000000 1.000000000
1645868553.114969730 0.999343601 0.035569250 0.006869865 71.581747361 -0.035494406 0.999312320 -0.010725368 4.191505712 -0.007246634 0.010474486 0.999918882 -0.802138915 0.000000000 0.000000000 0.000000000 1.000000000
1645868553.914786816 0.999788039 0.019990309 0.004926000 72.122981213 -0.019922831 0.999711901 -0.013386416 4.163948386 -0.005192179 0.013285439 0.999898264 -0.782257702 0.000000000 0.000000000 0.000000000 1.000000000
1645868554.614769459 0.999911297 -0.011388553 0.006906475 72.668090073 0.011427789 0.999918634 -0.005668386 4.142358959 -0.006841359 0.005746809 0.999960084 -0.811839737 0.000000000 0.000000000 0.000000000 1.000000000
1645868555.314962149 0.999489933 -0.030287154 0.010127312 73.191815141 0.030369547 0.999506053 -0.008083349 4.164707908 -0.009877488 0.008386787 0.999916045 -0.777119751 0.000000000 0.000000000 0.000000000 1.000000000
1645868556.015129328 0.999140683 -0.039993658 0.010881342 73.719540768 0.040123295 0.999123057 -0.011968229 4.171737595 -0.010393146 0.012394539 0.999869170 -0.833176564 0.000000000 0.000000000 0.000000000 1.000000000
1645868556.714867592 0.999622996 -0.026893303 0.005533271 74.226402296 0.027004586 0.999411971 -0.021129691 4.188038099 -0.004961770 0.021271148 0.999761431 -0.844599785 0.000000000 0.000000000 0.000000000 1.000000000
1645868557.414963722 0.999893737 -0.014433438 0.002046999 74.735778421 0.014487929 0.999453137 -0.029724175 4.185701290 -0.001616857 0.029750674 0.999556043 -0.788617743 0.000000000 0.000000000 0.000000000 1.000000000
1645868558.215150833 0.999813596 -0.015848258 -0.011027523 75.304887239 0.015506304 0.999416532 -0.030432717 4.184996930 0.011503394 0.030256048 0.999475984 -0.805535635 0.000000000 0.000000000 0.000000000 1.000000000
1645868559.015395880 0.999635860 -0.024163891 -0.012010610 75.809335222 0.024050356 0.999665522 -0.009509129 4.208642300 0.012236371 0.009216807 0.999882654 -0.826984300 0.000000000 0.000000000 0.000000000 1.000000000
1645868560.115026951 0.996967303 0.020312304 -0.075123949 76.321175550 -0.021063270 0.999735653 -0.009217524 4.188717674 0.074916861 0.010771926 0.997131601 -0.727925182 0.000000000 0.000000000 0.000000000 1.000000000
1645868561.314743519 0.997777029 0.061497860 -0.025671279 76.824178195 -0.062063151 0.997833318 -0.021836548 4.153427696 0.024272756 0.023381247 0.999431914 -0.753608872 0.000000000 0.000000000 0.000000000 1.000000000
1645868563.015036583 0.996241539 0.056681498 0.065498118 77.338102299 -0.054116343 0.997721187 -0.040297069 4.112874729 -0.067632959 0.036601096 0.997038687 -0.810155841 0.000000000 0.000000000 0.000000000 1.000000000
1645868564.614766359 0.996774416 -0.011872830 0.079371278 77.883980896 0.014348022 0.999426033 -0.030687752 4.136329621 -0.078961371 0.031727587 0.996372652 -0.843822505 0.000000000 0.000000000 0.000000000 1.000000000
1645868567.015208244 0.999254274 0.018847021 0.033699940 78.402254364 -0.018244217 0.999669600 -0.018106313 4.127443391 -0.034030056 0.017477982 0.999267970 -0.852159007 0.000000000 0.000000000 0.000000000 1.000000000
1645868568.614937544 0.999844701 0.013979231 -0.010731042 78.907259436 -0.014249794 0.999571594 -0.025565039 4.118231624 0.010369066 0.025713984 0.999615563 -0.856279493 0.000000000 0.000000000 0.000000000 1.000000000
1645868569.515072346 0.999986555 0.001378935 -0.004998860 79.419397021 -0.001495937 0.999723235 -0.023477988 4.098762946 0.004965102 0.023485151 0.999711856 -0.836194576 0.000000000 0.000000000 0.000000000 1.000000000
1645868570.314799786 0.999501197 -0.030438523 0.008417480 79.962079820 0.030596875 0.999344082 -0.019371045 4.097403281 -0.007822333 0.019618931 0.999776929 -0.852396066 0.000000000 0.000000000 0.000000000 1.000000000
1645868571.115162373 0.999256175 -0.037310512 0.009747976 80.512175737 0.037491237 0.999115054 -0.019066117 4.134357291 -0.009027983 0.019417398 0.999770704 -0.856658065 0.000000000 0.000000000 0.000000000 1.000000000
1645868571.815378666 0.999600896 -0.026277410 0.010370419 81.039018028 0.026433055 0.999535501 -0.015168271 4.170332849 -0.009967019 0.015436339 0.999831175 -0.879855878 0.000000000 0.000000000 0.000000000 1.000000000
1645868572.614720106 0.999718171 -0.018870712 0.014403991 81.579820395 0.018991361 0.999785314 -0.008285742 4.199676349 -0.014244540 0.008556959 0.999861926 -0.867884170 0.000000000 0.000000000 0.000000000 1.000000000
1645868573.414954662 0.999890509 -0.010091652 0.010822637 82.115860104 0.010191369 0.999905758 -0.009198467 4.198377033 -0.010728789 0.009307757 0.999899124 -0.881957681 0.000000000 0.000000000 0.000000000 1.000000000
1645868574.314802647 0.999986758 0.000092551 -0.005145485 82.659144271 -0.000173351 0.999876656 -0.015704876 4.202359490 0.005143397 0.015705560 0.999863431 -0.874771318 0.000000000 0.000000000 0.000000000 1.000000000
1645868575.214814663 0.999874488 -0.012964595 0.009106415 83.165640428 0.012993341 0.999910763 -0.003104635 4.204156809 -0.009065352 0.003222568 0.999953716 -0.886332338 0.000000000 0.000000000 0.000000000 1.000000000
1645868576.215407848 0.999154509 -0.041012359 -0.002872999 83.673597964 0.040968697 0.999063871 -0.013890527 4.204066155 0.003439993 0.013761080 0.999899395 -0.876373871 0.000000000 0.000000000 0.000000000 1.000000000
1645868577.214958429 0.998367539 -0.056249550 0.009911875 84.226803805 0.056353230 0.998355563 -0.010511061 4.198522666 -0.009304333 0.011052468 0.999895631 -0.872057427 0.000000000 0.000000000 0.000000000 1.000000000
1645868578.315024614 0.995540569 -0.094330157 0.000892496 84.725811910 0.094330737 0.995374453 -0.018204661 4.259670585 0.000828881 0.018207668 0.999833883 -0.881925611 0.000000000 0.000000000 0.000000000 1.000000000
1645868579.515077591 0.987187851 -0.159121038 0.011859250 85.257758558 0.159247753 0.987181366 -0.010635032 4.334375059 -0.010014974 0.012387333 0.999873119 -0.912297537 0.000000000 0.000000000 0.000000000 1.000000000
1645868580.814661264 0.972002737 -0.234523600 0.014469288 85.779359485 0.234465374 0.972108220 0.005621189 4.451409698 -0.015384016 -0.002071264 0.999879514 -0.900642551 0.000000000 0.000000000 0.000000000 1.000000000
1645868582.114971161 0.940399435 -0.340071877 0.000144361 86.259507479 0.340067866 0.940390245 0.004475997 4.637856592 -0.001657916 -0.004160133 0.999989972 -0.870120237 0.000000000 0.000000000 0.000000000 1.000000000
1645868583.315868616 0.920496536 -0.390607898 0.010563968 86.705735527 0.390705949 0.920463898 -0.009750564 4.869097864 -0.005915104 0.013102766 0.999896659 -0.898688427 0.000000000 0.000000000 0.000000000 1.000000000
1645868584.615869761 0.898558241 -0.438779473 0.008103181 87.156652807 0.438837098 0.898533294 -0.007740824 5.152404611 -0.003884463 0.010511557 0.999937207 -0.904262253 0.000000000 0.000000000 0.000000000 1.000000000
1645868585.816058397 0.871089151 -0.491083226 0.006399666 87.588021414 0.491062757 0.871112265 0.004559721 5.409155765 -0.007814030 -0.000829286 0.999969126 -0.898563997 0.000000000 0.000000000 0.000000000 1.000000000
1645868586.915271759 0.847565313 -0.530648202 0.006747340 87.996717846 0.530521035 0.847547071 0.014539406 5.710852972 -0.013433998 -0.008743491 0.999871531 -0.914629684 0.000000000 0.000000000 0.000000000 1.000000000
1645868588.015398979 0.771338271 -0.636279786 0.013612685 88.345895451 0.635953755 0.771413628 0.021996279 6.083645713 -0.024496798 -0.008309534 0.999665373 -0.956369837 0.000000000 0.000000000 0.000000000 1.000000000
1645868589.314779282 0.672627919 -0.739851701 0.013825466 88.672188783 0.739155272 0.672642512 0.034663175 6.498671344 -0.034945206 -0.013096254 0.999303418 -0.965435682 0.000000000 0.000000000 0.000000000 1.000000000
1645868590.814868689 0.541202279 -0.840747021 0.015637767 88.882751109 0.840064931 0.541401011 0.034290771 6.951572278 -0.037296167 -0.005421503 0.999289549 -1.002267033 0.000000000 0.000000000 0.000000000 1.000000000
1645868592.414963961 0.441305935 -0.897347486 0.004069547 88.908872746 0.896465358 0.441065130 0.042560688 7.461719071 -0.039986661 -0.015134076 0.999085595 -0.983902554 0.000000000 0.000000000 0.000000000 1.000000000
1645868594.215137243 0.274708494 -0.961337338 0.019124986 89.064312790 0.960522689 0.275276220 0.040238873 7.951812963 -0.043947785 0.007316023 0.999007041 -1.026306696 0.000000000 0.000000000 0.000000000 1.000000000
1645868595.514816999 0.192443140 -0.981072479 0.021504150 89.005633007 0.980933612 0.192928871 0.023402986 8.453323664 -0.027108797 0.016590399 0.999494808 -1.024822590 0.000000000 0.000000000 0.000000000 1.000000000
1645868596.515074730 0.159801670 -0.986902360 0.022071672 89.056563508 0.986895660 0.160227362 0.019082673 8.964438168 -0.022369220 0.018732994 0.999574256 -1.067647144 0.000000000 0.000000000 0.000000000 1.000000000
1645868597.715055227 0.151467026 -0.988315782 0.017019235 89.083731712 0.987971828 0.151911766 0.028887421 9.487470554 -0.031135316 0.012439033 0.999437773 -1.055520658 0.000000000 0.000000000 0.000000000 1.000000000
1645868599.115016699 0.038277706 -0.999087754 0.018933508 89.066580056 0.998525847 0.038972133 0.037779689 10.025072006 -0.038483103 0.017459477 0.999106710 -1.056030991 0.000000000 0.000000000 0.000000000 1.000000000
1645868600.314794779 0.064095694 -0.997603830 0.026044983 88.992688075 0.997426379 0.064880930 0.030513666 10.557806903 -0.032130373 0.024022159 0.999194963 -1.063311807 0.000000000 0.000000000 0.000000000 1.000000000
1645868601.314831257 0.046660871 -0.998713150 0.019869759 88.977234816 0.998696966 0.047053202 0.019757706 11.069985050 -0.020667216 0.018921956 0.999607336 -1.094783728 0.000000000 0.000000000 0.000000000 1.000000000
1645868602.315083742 0.072084943 -0.997141088 0.022658609 89.012777576 0.997304497 0.072371435 0.012087810 11.588515336 -0.013693088 0.021726183 0.999670182 -1.157835688 0.000000000 0.000000000 0.000000000 1.000000000
1645868603.614981174 0.053751954 -0.998237894 0.025136317 88.990550575 0.998403168 0.054164760 0.016040346 12.088700735 -0.017373584 0.024233979 0.999555338 -1.136079120 0.000000000 0.000000000 0.000000000 1.000000000
1645868604.815075874 -0.015305697 -0.999544944 0.025993090 88.867802018 0.999819392 -0.015006651 0.011661183 12.590126139 -0.011265808 0.026166878 0.999594106 -1.127808287 0.000000000 0.000000000 0.000000000 1.000000000
1645868605.915009737 -0.109939617 -0.993499040 0.029545536 88.878310355 0.993844062 -0.109471361 0.017029408 13.101009668 -0.013684310 0.031235863 0.999418361 -1.093119187 0.000000000 0.000000000 0.000000000 1.000000000
1645868607.014810324 -0.132376827 -0.990776844 0.028941682 88.789526731 0.991088818 -0.131869349 0.018799726 13.633127526 -0.014809813 0.031172426 0.999404297 -1.100366433 0.000000000 0.000000000 0.000000000 1.000000000
1645868608.114841223 -0.100920157 -0.994444163 0.029932067 88.808359241 0.994876968 -0.100693941 0.008974924 14.150305090 -0.005911083 0.030684475 0.999511642 -1.202277555 0.000000000 0.000000000 0.000000000 1.000000000
1645868609.214884758 -0.075076190 -0.996391588 0.039590022 88.789992138 0.997110759 -0.074551583 0.014566957 14.652086272 -0.011562895 0.040569269 0.999109821 -1.121949372 0.000000000 0.000000000 0.000000000 1.000000000
1645868610.414860487 -0.041844329 -0.998337995 0.039627010 88.755563096 0.999121192 -0.041907664 -0.000768611 15.164628484 0.002428009 0.039560023 0.999214246 -1.139310150 0.000000000 0.000000000 0.000000000 1.000000000
1645868611.514854431 -0.028582776 -0.998748587 0.041040041 88.813294245 0.999433286 -0.027823865 0.018945688 15.678094002 -0.017780087 0.041558303 0.998977866 -1.165695640 0.000000000 0.000000000 0.000000000 1.000000000
1645868612.715063572 -0.010798481 -0.998958975 0.044321084 88.836742419 0.999832349 -0.010131221 0.015252255 16.205856141 -0.014787350 0.044478355 0.998900901 -1.138861732 0.000000000 0.000000000 0.000000000 1.000000000
1645868613.815119028 -0.001250246 -0.999100524 0.042386073 88.875806260 0.999909307 -0.000680632 0.013450473 16.733483504 -0.013409526 0.042399046 0.999010763 -1.142755445 0.000000000 0.000000000 0.000000000 1.000000000
1645868614.814926147 0.007302088 -0.998963943 0.044919037 88.964174108 0.999837159 0.008035043 0.016158388 17.270153324 -0.016502574 0.044793732 0.998859943 -1.160220069 0.000000000 0.000000000 0.000000000 1.000000000
1645868615.715519667 0.003467461 -0.999115150 0.041915317 89.010449141 0.999797983 0.004293595 0.019635650 17.784020951 -0.019798243 0.041838764 0.998928199 -1.183415170 0.000000000 0.000000000 0.000000000 1.000000000
1645868616.715204000 0.016671062 -0.999196564 0.036445891 89.040544679 0.999712305 0.017286181 0.016628120 18.317724745 -0.017244771 0.036158197 0.999197279 -1.227197850 0.000000000 0.000000000 0.000000000 1.000000000
1645868617.815124035 0.004502130 -0.999198761 0.039768914 89.048045104 0.999839343 0.005187892 0.017157343 18.851606097 -0.017349913 0.039685280 0.999061589 -1.215590609 0.000000000 0.000000000 0.000000000 1.000000000
1645868618.815151691 -0.000913311 -0.999014433 0.044377111 89.036011643 0.999829462 -0.000093725 0.018467235 19.375822268 -0.018444875 0.044386409 0.998844149 -1.225158504 0.000000000 0.000000000 0.000000000 1.000000000
1645868619.914985657 0.001906570 -0.999181317 0.040411139 88.994194656 0.999892163 0.002493245 0.014472234 19.876390126 -0.014561141 0.040379189 0.999078322 -1.236432171 0.000000000 0.000000000 0.000000000 1.000000000
1645868621.014974356 -0.002487179 -0.999000277 0.044634742 89.023890158 0.999903609 -0.001874767 0.013757129 20.407644897 -0.013659696 0.044664656 0.998908645 -1.265931627 0.000000000 0.000000000 0.000000000 1.000000000
1645868622.115051270 -0.022153434 -0.998787331 0.043966962 89.015880417 0.999643458 -0.021473856 0.015869190 20.916037445 -0.014905806 0.044302843 0.998906940 -1.241088842 0.000000000 0.000000000 0.000000000 1.000000000
1645868623.315167427 -0.042711646 -0.998280359 0.040150218 88.985923681 0.999003569 -0.042152846 0.014663137 21.421548467 -0.012945476 0.040736498 0.999086059 -1.261478864 0.000000000 0.000000000 0.000000000 1.000000000
1645868624.314965963 -0.057618497 -0.997194907 0.047774737 89.009510233 0.998241436 -0.056878990 0.016697783 21.940088018 -0.013933565 0.048652823 0.998718558 -1.276907355 0.000000000 0.000000000 0.000000000 1.000000000
1645868625.414866686 -0.054246707 -0.997653849 0.041762333 88.953572492 0.998479486 -0.053786214 0.012073103 22.467452662 -0.009798539 0.042353759 0.999054627 -1.309863360 0.000000000 0.000000000 0.000000000 1.000000000
1645868627.015140057 -0.139747882 -0.988700222 0.054243899 88.879254143 0.990185492 -0.139438511 0.009465374 22.977309596 -0.001794729 0.055034288 0.998482852 -1.255974468 0.000000000 0.000000000 0.000000000 1.000000000
1645868629.514966011 -0.319619626 -0.945962062 0.054763781 88.797016611 0.947492434 -0.319681501 0.007862967 23.479983376 0.010068899 0.054401427 0.998468378 -1.282370389 0.000000000 0.000000000 0.000000000 1.000000000
1645868631.615125656 -0.503879577 -0.862374427 0.049149977 88.589839657 0.863671315 -0.503880426 0.013280654 23.898587266 0.013312815 0.049141276 0.998703111 -1.270853942 0.000000000 0.000000000 0.000000000 1.000000000
1645868633.815494537 -0.653624519 -0.754988142 0.052610782 88.307039054 0.756346045 -0.654093037 0.010146840 24.314259441 0.026751602 0.046424180 0.998563542 -1.282013500 0.000000000 0.000000000 0.000000000 1.000000000
1645868635.915620804 -0.779119466 -0.624825515 0.050655055 87.905497352 0.626142016 -0.779570791 0.014681895 24.646405854 0.030315579 0.043156208 0.998608285 -1.205944996 0.000000000 0.000000000 0.000000000 1.000000000
1645868637.815771341 -0.891374681 -0.451387681 0.041235178 87.444323412 0.452059924 -0.891949517 0.008239231 24.917296025 0.033060609 0.025985014 0.999115496 -1.227839171 0.000000000 0.000000000 0.000000000 1.000000000
1645868639.515865088 -0.966242336 -0.254501569 0.040058711 86.918143590 0.255406867 -0.966640930 0.019304031 24.930174301 0.033809483 0.028883642 0.999010838 -1.228425711 0.000000000 0.000000000 0.000000000 1.000000000
1645868641.115312576 -0.998081174 -0.051565273 0.034278179 86.444159315 0.052055455 -0.998552071 0.013564300 24.934505908 0.033529099 0.015322639 0.999320277 -1.119782004 0.000000000 0.000000000 0.000000000 1.000000000
1645868642.314937592 -0.999380675 0.004564755 0.034891687 85.944756250 -0.003943019 -0.999832595 0.017867121 24.914382727 0.034967405 0.017718477 0.999231373 -1.178520798 0.000000000 0.000000000 0.000000000 1.000000000
1645868643.315122604 -0.999465871 -0.027280735 0.017992604 85.424324548 0.027586398 -0.999475458 0.016964648 24.908744011 0.017520358 0.017451938 0.999694187 -1.178481526 0.000000000 0.000000000 0.000000000 1.000000000
1645868644.214973688 -0.998694749 -0.036289909 0.035942192 84.894461037 0.036798556 -0.999230257 0.013592652 24.870218222 0.035421249 0.014897531 0.999261427 -1.206782257 0.000000000 0.000000000 0.000000000 1.000000000
1645868645.115167856 -0.999334454 -0.024234460 0.027264265 84.369533899 0.024573630 -0.999623888 0.012174533 24.846738262 0.026958968 0.012836412 0.999554121 -1.198261583 0.000000000 0.000000000 0.000000000 1.000000000
1645868645.914761782 -0.999546407 -0.005804072 0.029551542 83.845355782 0.005968679 -0.999967144 0.005485001 24.826017152 0.029518735 0.005658896 0.999548209 -1.164900985 0.000000000 0.000000000 0.000000000 1.000000000
1645868646.714700460 -0.999699700 0.013421214 0.020503168 83.305241937 -0.013149618 -0.999824758 0.013324412 24.758531625 0.020678405 0.013050802 0.999700995 -1.144934891 0.000000000 0.000000000 0.000000000 1.000000000
1645868647.515278578 -0.999629531 0.010359322 0.025169117 82.754014894 -0.010079542 -0.999886278 0.011217568 24.700691706 0.025282461 0.010959719 0.999620269 -1.132811945 0.000000000 0.000000000 0.000000000 1.000000000
1645868648.214938164 -0.999675796 0.001207004 0.025433152 82.245964866 -0.001193711 -0.999999143 0.000537850 24.657600272 0.025433780 0.000507316 0.999676380 -1.142785032 0.000000000 0.000000000 0.000000000 1.000000000
1645868648.914891243 -0.999512019 -0.016072781 0.026784134 81.730873560 0.016089971 -0.999870457 0.000426393 24.633793328 0.026773811 0.000857141 0.999641150 -1.128845238 0.000000000 0.000000000 0.000000000 1.000000000
1645868649.615011454 -0.999215267 -0.031603805 0.023875725 81.212046104 0.031579518 -0.999500271 -0.001393708 24.596651058 0.023907840 -0.000638630 0.999713963 -1.100010955 0.000000000 0.000000000 0.000000000 1.000000000
1645868650.314921618 -0.998709271 -0.045999585 0.021536707 80.682465710 0.045941196 -0.998939026 -0.003198378 24.563475111 0.021660981 -0.002204827 0.999762942 -1.100015477 0.000000000 0.000000000 0.000000000 1.000000000
1645868651.115416050 -0.998779504 -0.040410610 0.028398695 80.125240849 0.040325692 -0.999180258 -0.003556801 24.521956346 0.028519148 -0.002407263 0.999590348 -1.072709326 0.000000000 0.000000000 0.000000000 1.000000000
1645868651.815062046 -0.999644883 -0.021340846 0.015958585 79.613602656 0.021323895 -0.999771861 -0.001231634 24.495232114 0.015981229 -0.000890897 0.999871895 -1.086795117 0.000000000 0.000000000 0.000000000 1.000000000
1645868652.515390396 -0.999408609 -0.030694976 0.015500035 79.064506155 0.030689280 -0.999528790 -0.000605248 24.445481025 0.015511310 -0.000129205 0.999879684 -1.028940823 0.000000000 0.000000000 0.000000000 1.000000000
1645868653.215145350 -0.998534091 -0.050243854 0.020130160 78.512980789 0.050228179 -0.998736943 -0.001283857 24.382290636 0.020169240 -0.000270874 0.999796543 -1.052164549 0.000000000 0.000000000 0.000000000 1.000000000
1645868653.914743662 -0.997573894 -0.065251438 0.024260575 77.977759128 0.065075463 -0.997848481 -0.007974475 24.356195554 0.024728724 -0.006376360 0.999673863 -1.040859143 0.000000000 0.000000000 0.000000000 1.000000000
1645868654.614941359 -0.997953881 -0.061629093 0.017026613 77.443765286 0.061555130 -0.998091975 -0.004834875 24.323866593 0.017292094 -0.003776907 0.999843347 -1.021116404 0.000000000 0.000000000 0.000000000 1.000000000
1645868655.314945459 -0.998366789 -0.053574798 0.019836706 76.865472907 0.053500491 -0.998558744 -0.004258234 24.298827072 0.020036250 -0.003190006 0.999794165 -1.047478414 0.000000000 0.000000000 0.000000000 1.000000000
1645868656.014898062 -0.998648087 -0.048604778 0.018427505 76.301591964 0.048555496 -0.998815636 -0.003112688 24.254951266 0.018556972 -0.002213723 0.999825354 -1.028709801 0.000000000 0.000000000 0.000000000 1.000000000
1645868656.715082169 -0.998474014 -0.051973418 0.018665678 75.749943905 0.051922742 -0.998646011 -0.003189697 24.212470132 0.018806185 -0.002215656 0.999820693 -1.004357356 0.000000000 0.000000000 0.000000000 1.000000000
1645868657.414977312 -0.996920575 -0.075178925 0.022304609 75.206739361 0.075182599 -0.997169555 -0.000674972 24.185726792 0.022292221 0.001004025 0.999750993 -0.998645730 0.000000000 0.000000000 0.000000000 1.000000000
1645868658.115010738 -0.994553834 -0.101629398 0.023111387 74.640813155 0.101663315 -0.994818820 0.000294289 24.181899184 0.022961734 0.002642266 0.999732853 -1.003404492 0.000000000 0.000000000 0.000000000 1.000000000
1645868658.814903736 -0.994023737 -0.107742046 0.017563109 74.090653314 0.107795179 -0.994170896 0.002104447 24.193273664 0.017233994 0.003985089 0.999843542 -0.990742623 0.000000000 0.000000000 0.000000000 1.000000000
1645868659.515044689 -0.995906100 -0.087947363 0.020887812 73.580320617 0.087939976 -0.996124961 -0.001273708 24.171140553 0.020918890 0.000568380 0.999781015 -0.961540753 0.000000000 0.000000000 0.000000000 1.000000000
1645868660.315083504 -0.997337667 -0.069555142 0.021901149 73.026128063 0.069551144 -0.997577939 -0.000945132 24.143365643 0.021913842 0.000580634 0.999759694 -0.960401130 0.000000000 0.000000000 0.000000000 1.000000000
1645868661.115015268 -0.997594565 -0.066843032 0.018360071 72.455039949 0.066812281 -0.997762949 -0.002283865 24.113403232 0.018471659 -0.001051693 0.999828831 -0.961329802 0.000000000 0.000000000 0.000000000 1.000000000
1645868661.814811707 -0.996871690 -0.076874707 0.018360635 71.923949289 0.076876093 -0.997040454 -0.000631344 24.122495625 0.018354830 0.000782125 0.999831230 -0.953690673 0.000000000 0.000000000 0.000000000 1.000000000
1645868662.515098095 -0.995653644 -0.091040574 0.019632484 71.408155372 0.091053477 -0.995845976 -0.000237493 24.084358675 0.019572552 0.001551145 0.999807236 -0.939196864 0.000000000 0.000000000 0.000000000 1.000000000
1645868663.214875460 -0.994775891 -0.100664021 0.016961146 70.903615486 0.100644747 -0.994920440 -0.001988364 24.065113967 0.017075148 -0.000270926 0.999854172 -0.912903541 0.000000000 0.000000000 0.000000000 1.000000000
1645868664.015064240 -0.995365788 -0.094081917 0.019888203 70.371138753 0.094140518 -0.995556852 0.002029030 24.065468694 0.019608942 0.003891912 0.999800151 -0.916911242 0.000000000 0.000000000 0.000000000 1.000000000
1645868664.815293550 -0.996641899 -0.077824945 0.025459832 69.831649821 0.077943981 -0.996950817 0.003715461 24.060193337 0.025093044 0.005687425 0.999668941 -0.937714277 0.000000000 0.000000000 0.000000000 1.000000000
1645868665.615046263 -0.996544733 -0.079830698 0.022927177 69.289200845 0.080049342 -0.996752224 0.008781043 24.028746374 0.022151718 0.010586008 0.999698573 -0.891692852 0.000000000 0.000000000 0.000000000 1.000000000
1645868666.414962769 -0.998482975 -0.050775846 0.021297010 68.770837924 0.050995546 -0.998649784 0.009902660 24.005675661 0.020765438 0.010973690 0.999724149 -0.887221362 0.000000000 0.000000000 0.000000000 1.000000000
1645868667.315077066 -0.999799571 -0.017942106 0.008882492 68.212213647 0.018025335 -0.999793527 0.009380296 23.977119594 0.008712355 0.009538526 0.999916552 -0.882774008 0.000000000 0.000000000 0.000000000 1.000000000
1645868668.214844465 -0.999923548 -0.006241654 0.010674254 67.677572971 0.006314873 -0.999956671 0.006839491 23.953358471 0.010631101 0.006906375 0.999919638 -0.880431482 0.000000000 0.000000000 0.000000000 1.000000000
1645868669.114705563 -0.999924968 0.003213988 0.011820722 67.135202091 -0.003174265 -0.999989258 0.003377666 23.884892646 0.011831451 0.003339890 0.999924428 -0.833553585 0.000000000 0.000000000 0.000000000 1.000000000
1645868670.114925623 -0.999354269 0.027089984 0.023604618 66.591275845 -0.026923110 -0.999610420 0.007358955 23.807321505 0.023794777 0.006718693 0.999694287 -0.839732519 0.000000000 0.000000000 0.000000000 1.000000000
1645868671.114678621 -0.997751891 0.063306663 0.021987033 66.054360365 -0.063099049 -0.997957048 0.010012040 23.728207373 0.022575943 0.008602171 0.999708122 -0.859690970 0.000000000 0.000000000 0.000000000 1.000000000
1645868672.115085125 -0.995267070 0.095604780 0.017412195 65.535246305 -0.095500918 -0.995406769 0.006703696 23.629889096 0.017973122 0.005009088 0.999825923 -0.844545204 0.000000000 0.000000000 0.000000000 1.000000000
1645868673.114815950 -0.992310309 0.121482763 0.023710541 65.036069975 -0.121351353 -0.992585564 0.006909924 23.499114418 0.024374177 0.003979483 0.999694985 -0.850510100 0.000000000 0.000000000 0.000000000 1.000000000
1645868674.514755011 -0.985657292 0.166544576 0.027250828 64.518186484 -0.166311263 -0.986015995 0.010631123 23.360559553 0.028640308 0.005946524 0.999572094 -0.858916623 0.000000000 0.000000000 0.000000000 1.000000000
1645868675.414856672 -0.975957714 0.216292152 0.026911812 64.035679801 -0.216010920 -0.976304578 0.012986670 23.210859092 0.029083040 0.006861195 0.999553451 -0.801699140 0.000000000 0.000000000 0.000000000 1.000000000
1645868676.414969444 -0.965208351 0.260534309 0.022242142 63.522452531 -0.260197150 -0.965406653 0.016953997 23.006686294 0.025889810 0.010576797 0.999608848 -0.773441565 0.000000000 0.000000000 0.000000000 1.000000000
1645868677.415271759 -0.974891943 0.219816107 0.035589021 63.005330904 -0.219136147 -0.975445245 0.022043650 22.827795519 0.039560691 0.013691335 0.999123365 -0.808776069 0.000000000 0.000000000 0.000000000 1.000000000
1645868678.315141439 -0.993011523 0.112652397 0.035178877 62.516466707 -0.111652007 -0.993317713 0.029219007 22.759191901 0.038235393 0.025087018 0.998953801 -0.726799458 0.000000000 0.000000000 0.000000000 1.000000000
1645868679.215220928 -0.998052533 0.058701212 0.021102346 62.017705492 -0.058286082 -0.998104003 0.019777061 22.685284203 0.022223274 0.018508572 0.999581692 -0.708387812 0.000000000 0.000000000 0.000000000 1.000000000
1645868680.115195036 -0.999659740 -0.007950805 0.024843290 61.465760966 0.008476626 -0.999740751 0.021132375 22.626335491 0.024668830 0.021335772 0.999467975 -0.719461888 0.000000000 0.000000000 0.000000000 1.000000000
1645868681.114852190 -0.998060090 -0.056590029 0.025954305 60.967038037 0.057154447 -0.998132830 0.021545836 22.565757288 0.024686565 0.022987443 0.999430914 -0.746338932 0.000000000 0.000000000 0.000000000 1.000000000
1645868682.715004206 -0.999679961 -0.004069912 0.024968224 60.450526474 0.004753914 -0.999613328 0.027396978 22.557248133 0.024847066 0.027506907 0.999312761 -0.719540814 0.000000000 0.000000000 0.000000000 1.000000000
1645868683.915039301 -0.999447665 -0.020705062 0.025993550 59.924640512 0.021333399 -0.999481112 0.024132807 22.555454547 0.025480391 0.024674009 0.999370774 -0.732229441 0.000000000 0.000000000 0.000000000 1.000000000
1645868685.014944792 -0.999043652 -0.038579641 0.020576490 59.409723054 0.039095447 -0.998915546 0.025283941 22.563559270 0.019578731 0.026064208 0.999468524 -0.651011803 0.000000000 0.000000000 0.000000000 1.000000000
1645868686.115145922 -0.999063608 -0.038059993 0.020575331 58.878913658 0.038544979 -0.998975484 0.023712156 22.592854009 0.019651766 0.024483027 0.999507073 -0.682069302 0.000000000 0.000000000 0.000000000 1.000000000
1645868687.214922667 -0.999608580 -0.018083333 0.021346650 58.338741140 0.018583756 -0.999551523 0.023481848 22.597460386 0.020912447 0.023869358 0.999496335 -0.739415265 0.000000000 0.000000000 0.000000000 1.000000000
1645868688.414807796 -0.999873936 -0.003382663 0.015513555 57.829243619 0.003648371 -0.999846593 0.017131278 22.592852442 0.015453226 0.017185717 0.999732889 -0.645229771 0.000000000 0.000000000 0.000000000 1.000000000
1645868689.514742613 -0.999912488 -0.007884506 0.010623115 57.296410922 0.008076280 -0.999802979 0.018132204 22.590846281 0.010478059 0.018216413 0.999779162 -0.653608856 0.000000000 0.000000000 0.000000000 1.000000000
1645868690.615013123 -0.999911790 -0.008237581 0.010418980 56.774423989 0.008353198 -0.999903475 0.011102429 22.609564114 0.010326517 0.011188482 0.999884084 -0.660797704 0.000000000 0.000000000 0.000000000 1.000000000
1645868692.015568495 -0.999059731 -0.040746540 0.014811270 56.232057499 0.040866913 -0.999133230 0.007917281 22.610033499 0.014475830 0.008515127 0.999858962 -0.629045409 0.000000000 0.000000000 0.000000000 1.000000000
1645868693.015015364 -0.999183141 -0.037762686 0.014388580 55.721066501 0.037854209 -0.999264395 0.006142325 22.597202803 0.014146045 0.006681976 0.999877613 -0.620886764 0.000000000 0.000000000 0.000000000 1.000000000
1645868694.015084982 -0.999500194 -0.025502112 0.018681661 55.174750568 0.025713717 -0.999606878 0.011175604 22.565299221 0.018389315 0.011650393 0.999763023 -0.633999969 0.000000000 0.000000000 0.000000000 1.000000000
1645868695.015286446 -0.999094417 -0.039727585 0.015233680 54.638931721 0.039865587 -0.999165727 0.008864817 22.535548306 0.014868794 0.009464088 0.999844663 -0.631946027 0.000000000 0.000000000 0.000000000 1.000000000
1645868696.115307570 -0.999129255 -0.038750623 0.015463526 54.110933963 0.038990767 -0.999118684 0.015542725 22.491162405 0.014847607 0.016132126 0.999759623 -0.625080080 0.000000000 0.000000000 0.000000000 1.000000000
1645868697.015509129 -0.999227786 -0.035476116 0.016890145 53.601273490 0.035696074 -0.999279373 0.012904449 22.512522721 0.016420173 0.013497396 0.999774074 -0.635263950 0.000000000 0.000000000 0.000000000 1.000000000
1645868697.915429592 -0.999302193 -0.036473783 0.008049287 53.099493815 0.036523295 -0.999314231 0.006092276 22.492865913 0.007821558 0.006382012 0.999949045 -0.599798860 0.000000000 0.000000000 0.000000000 1.000000000
1645868699.215583324 -0.998593439 -0.052939425 0.002925923 52.592980052 0.052944483 -0.998596046 0.001679094 22.510401058 0.002832925 0.001831644 0.999994310 -0.592403597 0.000000000 0.000000000 0.000000000 1.000000000
1645868701.815273762 -0.997115048 -0.069337507 0.030885113 52.072122587 0.069415322 -0.997586789 0.001453148 22.514760982 0.030709823 0.003592856 0.999521885 -0.670067301 0.000000000 0.000000000 0.000000000 1.000000000
1645868703.215103865 -0.995971924 -0.089059964 0.010404303 51.541633931 0.089062184 -0.996026036 -0.000250685 22.525361361 0.010385283 0.000676955 0.999945842 -0.617693197 0.000000000 0.000000000 0.000000000 1.000000000
1645868704.714917898 -0.995305355 -0.096478817 0.007686905 51.043299322 0.096477480 -0.995335018 -0.000545451 22.516013990 0.007703670 0.000198723 0.999970307 -0.562746625 0.000000000 0.000000000 0.000000000 1.000000000
1645868706.915301323 -0.996553077 0.080644339 0.019453917 50.527448932 -0.080753247 -0.996722187 -0.004877939 22.475992843 0.018996773 -0.006432092 0.999798855 -0.640345451 0.000000000 0.000000000 0.000000000 1.000000000
1645868708.715293646 -0.999576376 0.018219691 0.022696065 50.011275553 -0.018770759 -0.999528262 -0.024308676 22.499317455 0.022242462 -0.024724401 0.999446835 -0.553074099 0.000000000 0.000000000 0.000000000 1.000000000
1645868710.315144300 -0.999469097 -0.027324551 0.017745212 49.483079125 0.027171803 -0.999592108 -0.008792652 22.477822963 0.017978229 -0.008305815 0.999803879 -0.562814032 0.000000000 0.000000000 0.000000000 1.000000000
1645868711.915096760 -0.999667927 -0.012998340 0.022250375 48.974095846 0.012818903 -0.999884308 -0.008188167 22.374160141 0.022354234 -0.007900222 0.999718898 -0.551581495 0.000000000 0.000000000 0.000000000 1.000000000
1645868713.315004349 -0.998698694 -0.047837426 0.017677656 48.428783178 0.047593784 -0.998769280 -0.013955538 22.363522584 0.018323497 -0.013096031 0.999746340 -0.542045047 0.000000000 0.000000000 0.000000000 1.000000000
1645868714.715161085 -0.993507256 -0.113439626 0.008647697 47.897337730 0.113135285 -0.993127205 -0.029979350 22.337510632 0.011989109 -0.028806342 0.999513109 -0.547266888 0.000000000 0.000000000 0.000000000 1.000000000
1645868715.715050220 -0.993841215 -0.110741752 0.003987973 47.370955348 0.110669362 -0.993740413 -0.015240876 22.345405820 0.005650812 -0.014705664 0.999875898 -0.492189223 0.000000000 0.000000000 0.000000000 1.000000000
1645868716.715546370 -0.992868155 -0.117537318 0.019945064 46.837732380 0.117277159 -0.993004012 -0.013751357 22.293375967 0.021421826 -0.011314184 0.999706504 -0.511848067 0.000000000 0.000000000 0.000000000 1.000000000
1645868717.715164185 -0.987642701 -0.155398297 0.020328920 46.310461496 0.155089782 -0.987771266 -0.015971417 22.256012764 0.022562254 -0.012621245 0.999665769 -0.493605487 0.000000000 0.000000000 0.000000000 1.000000000
1645868718.615082026 -0.977644292 -0.209515246 0.017748217 45.766682991 0.209331106 -0.977774987 -0.011686010 22.268811025 0.019802160 -0.007709507 0.999774193 -0.476423311 0.000000000 0.000000000 0.000000000 1.000000000
1645868719.714995861 -0.970624617 -0.239604440 0.021853256 45.251716049 0.239389606 -0.970849356 -0.012006051 22.278530444 0.024092922 -0.006421927 0.999689097 -0.481778645 0.000000000 0.000000000 0.000000000 1.000000000
1645868720.815083742 -0.976670938 -0.213882989 0.019181923 44.694238057 0.213704230 -0.976837000 -0.010953401 22.285060055 0.021080358 -0.006598610 0.999756009 -0.457465240 0.000000000 0.000000000 0.000000000 1.000000000
1645868721.715111256 -0.987533290 -0.156363138 0.018126513 44.150758222 0.156134409 -0.987644626 -0.013421583 22.256148465 0.020001194 -0.010424088 0.999745613 -0.454190021 0.000000000 0.000000000 0.000000000 1.000000000
1645868722.515046597 -0.992246908 -0.122526441 0.020816917 43.630143609 0.122380391 -0.992449761 -0.008155523 22.253157556 0.021659011 -0.005544710 0.999750040 -0.466587743 0.000000000 0.000000000 0.000000000 1.000000000
1645868723.514861822 -0.993034095 -0.115638003 0.022608371 43.082865553 0.115452451 -0.993268987 -0.009351480 22.230996303 0.023537580 -0.006676146 0.999700661 -0.443478885 0.000000000 0.000000000 0.000000000 1.000000000
1645868724.414999723 -0.990946745 -0.132991155 0.018382120 42.572045005 0.132768641 -0.991063851 -0.012842558 22.239523442 0.019925802 -0.010285722 0.999748552 -0.405892321 0.000000000 0.000000000 0.000000000 1.000000000
1645868725.315186739 -0.987150927 -0.158602772 0.019447590 42.024617207 0.158527367 -0.987339984 -0.005369378 22.251190075 0.020052981 -0.002217411 0.999796460 -0.411082468 0.000000000 0.000000000 0.000000000 1.000000000
1645868726.115651846 -0.984403137 -0.175051458 0.017534274 41.519569759 0.175021524 -0.984559278 -0.003239337 22.247657231 0.017830583 -0.000119938 0.999841015 -0.424766333 0.000000000 0.000000000 0.000000000 1.000000000
1645868727.015388012 -0.985046724 -0.171334701 0.018093426 40.983045348 0.171300304 -0.985212837 -0.003445659 22.261195010 0.018416236 -0.000294726 0.999830363 -0.404562131 0.000000000 0.000000000 0.000000000 1.000000000
1645868727.815169573 -0.987259494 -0.158409453 0.015004577 40.473551905 0.158333737 -0.987366724 -0.006113930 22.291000511 0.015783524 -0.003660305 0.999868733 -0.377677446 0.000000000 0.000000000 0.000000000 1.000000000
1645868728.614873409 -0.989552237 -0.143318449 0.015690511 39.944113319 0.143280073 -0.989675818 -0.003549000 22.303106866 0.016037157 -0.001263783 0.999870598 -0.392840903 0.000000000 0.000000000 0.000000000 1.000000000
1645868729.515036821 -0.991968174 -0.124751579 0.020885055 39.400586445 0.124661844 -0.992183765 -0.005549852 22.286075442 0.021414165 -0.002901707 0.999766480 -0.415564014 0.000000000 0.000000000 0.000000000 1.000000000
1645868730.515105724 -0.994297766 -0.104721293 0.020134644 38.866482132 0.104624964 -0.994494937 -0.005782437 22.275850273 0.020629345 -0.003642877 0.999780556 -0.390756665 0.000000000 0.000000000 0.000000000 1.000000000
1645868731.414932728 -0.995948417 -0.087730793 0.019749887 38.338431801 0.087651291 -0.996139376 -0.004857435 22.281217826 0.020099786 -0.003106651 0.999793152 -0.387092040 0.000000000 0.000000000 0.000000000 1.000000000
1645868732.315293789 -0.996754287 -0.078244977 0.018937143 37.805986877 0.078112949 -0.996915432 -0.007615093 22.255950271 0.019474573 -0.006111141 0.999791676 -0.367479451 0.000000000 0.000000000 0.000000000 1.000000000
1645868733.115247965 -0.996155828 -0.085540293 0.018879198 37.294647961 0.085450998 -0.996327258 -0.005488348 22.255993953 0.019279334 -0.003854003 0.999806708 -0.364900119 0.000000000 0.000000000 0.000000000 1.000000000
1645868733.915217400 -0.994496435 -0.103113900 0.018557064 36.749412591 0.103004271 -0.994657860 -0.006772120 22.257380647 0.019156229 -0.004823392 0.999804868 -0.364343425 0.000000000 0.000000000 0.000000000 1.000000000
1645868734.715385914 -0.991817250 -0.126359778 0.018213986 36.184202630 0.126279529 -0.991979477 -0.005495315 22.283159940 0.018762287 -0.003150294 0.999819010 -0.347204642 0.000000000 0.000000000 0.000000000 1.000000000
1645868735.515510798 -0.989444518 -0.143862609 0.017409627 35.666080750 0.143712011 -0.989572803 -0.009619054 22.287445161 0.018611916 -0.007015548 0.999802170 -0.321591743 0.000000000 0.000000000 0.000000000 1.000000000
1645868736.415416002 -0.989420327 -0.143603356 0.020627453 35.111291925 0.143526097 -0.989632944 -0.005186009 22.312438299 0.021158336 -0.002170564 0.999773781 -0.331692726 0.000000000 0.000000000 0.000000000 1.000000000
1645868737.215474367 -0.991904224 -0.125659544 0.018321807 34.565296467 0.125622042 -0.992073051 -0.003188126 22.350915892 0.018577190 -0.000860693 0.999827059 -0.293975871 0.000000000 0.000000000 0.000000000 1.000000000
1645868738.015331984 -0.993288065 -0.114092303 0.019020172 34.045171933 0.114064088 -0.993470082 -0.002565294 22.365726280 0.019188652 -0.000378558 0.999815809 -0.305275286 0.000000000 0.000000000 0.000000000 1.000000000
1645868738.815492630 -0.992796141 -0.117690039 0.022469467 33.511214999 0.117603156 -0.993047295 -0.005154366 22.372543339 0.022919861 -0.002474755 0.999734242 -0.317084349 0.000000000 0.000000000 0.000000000 1.000000000
1645868739.715550661 -0.991719148 -0.127032184 0.018866796 32.958651085 0.127059754 -0.991895029 0.000264942 22.410001026 0.018680225 0.002659958 0.999821971 -0.259598059 0.000000000 0.000000000 0.000000000 1.000000000
1645868740.515625477 -0.990733364 -0.133472046 0.025151839 32.436347365 0.133484592 -0.991050178 -0.001187033 22.438144708 0.025085170 0.002181349 0.999682938 -0.278702727 0.000000000 0.000000000 0.000000000 1.000000000
1645868741.315448999 -0.991081380 -0.130992702 0.024466522 31.913839736 0.131051579 -0.991375219 0.000811774 22.457194110 0.024149168 0.004010910 0.999700320 -0.258016246 0.000000000 0.000000000 0.000000000 1.000000000
1645868742.115169764 -0.992283317 -0.121585208 0.024307516 31.380548079 0.121610118 -0.992577841 -0.000456297 22.491656045 0.024182580 0.002503264 0.999704425 -0.237997786 0.000000000 0.000000000 0.000000000 1.000000000
1645868743.015123129 -0.993685267 -0.108943098 0.026851268 30.815766337 0.108956625 -0.994046038 -0.000963157 22.487647450 0.026796326 0.001968548 0.999638976 -0.268598434 0.000000000 0.000000000 0.000000000 1.000000000
1645868743.814835310 -0.994984863 -0.096068451 0.027856347 30.281999824 0.096048406 -0.995374533 -0.002059848 22.505093155 0.027925384 0.000626040 0.999609814 -0.237100282 0.000000000 0.000000000 0.000000000 1.000000000
1645868744.615160465 -0.996308836 -0.083829032 0.018476946 29.717786573 0.083778320 -0.996478259 -0.003503140 22.505254238 0.018705539 -0.001942242 0.999823150 -0.218619631 0.000000000 0.000000000 0.000000000 1.000000000
1645868745.414949179 -0.997102310 -0.071092447 0.027071138 29.196650427 0.070889326 -0.997448888 -0.008391648 22.490864215 0.027598659 -0.006448277 0.999598286 -0.218517755 0.000000000 0.000000000 0.000000000 1.000000000
1645868746.214947701 -0.997624777 -0.062987995 0.027880407 28.665751500 0.062768948 -0.997990476 -0.008664196 22.478740547 0.028370121 -0.006893593 0.999573716 -0.225926713 0.000000000 0.000000000 0.000000000 1.000000000
1645868747.014886141 -0.998155885 -0.054757822 0.026199424 28.135752046 0.054697296 -0.998498410 -0.003021810 22.477822854 0.026325551 -0.001583200 0.999652169 -0.183845000 0.000000000 0.000000000 0.000000000 1.000000000
1645868747.815020800 -0.998798596 -0.044089207 0.021389404 27.569435381 0.044059366 -0.999027175 -0.001864588 22.444772797 0.021450804 -0.000919944 0.999769482 -0.196953581 0.000000000 0.000000000 0.000000000 1.000000000
1645868748.615303993 -0.999300557 -0.032879727 0.017813463 27.023277081 0.032835708 -0.999456957 -0.002758029 22.408215572 0.017894473 -0.002171183 0.999837524 -0.185159337 0.000000000 0.000000000 0.000000000 1.000000000
1645868749.414988041 -0.999232046 -0.036282359 0.014795540 26.469565209 0.036278541 -0.999341578 -0.000526437 22.382382298 0.014804899 0.000010728 0.999890401 -0.190128592 0.000000000 0.000000000 0.000000000 1.000000000
1645868750.115445852 -0.998947041 -0.042619160 0.016982813 25.968462108 0.042656824 -0.999088049 0.001861550 22.380052405 0.016887988 0.002584022 0.999854049 -0.167177939 0.000000000 0.000000000 0.000000000 1.000000000
1645868750.915195227 -0.998555403 -0.050131137 0.019338463 25.434159568 0.050118835 -0.998742633 -0.001120586 22.325165047 0.019370324 -0.000149746 0.999812366 -0.151604788 0.000000000 0.000000000 0.000000000 1.000000000
1645868751.915180922 -0.998302136 -0.053747768 0.022450448 24.895752387 0.053662909 -0.998549564 -0.004365764 22.355807866 0.022652535 -0.003153595 0.999738425 -0.102226453 0.000000000 0.000000000 0.000000000 1.000000000
1645868753.115054846 -0.999047408 -0.037092625 0.022987255 24.373303409 0.037122052 -0.999310374 0.000854588 22.340376551 0.022939703 0.001707108 0.999735393 -0.122673676 0.000000000 0.000000000 0.000000000 1.000000000
1645868756.315059662 -0.995556612 -0.091479314 0.022328604 23.871817696 0.091219627 -0.995753764 -0.012386300 22.341536908 0.023366882 -0.010294456 0.999673953 -0.131365255 0.000000000 0.000000000 0.000000000 1.000000000
1645868757.615045786 -0.996959340 -0.073989239 0.024447235 23.353015586 0.073819968 -0.997241419 -0.007756599 22.281543039 0.024953700 -0.005928320 0.999671030 -0.064102608 0.000000000 0.000000000 0.000000000 1.000000000
1645868759.015011072 -0.999421460 -0.026747343 0.021007732 22.842763709 0.026728303 -0.999642031 -0.001186676 22.270900976 0.021031952 -0.000624489 0.999778609 -0.082642849 0.000000000 0.000000000 0.000000000 1.000000000
1645868760.115213394 -0.999396796 0.025623170 0.023441362 22.328072664 -0.025650560 -0.999670593 -0.000868476 22.327913486 0.023411387 -0.001469236 0.999724836 -0.052322961 0.000000000 0.000000000 0.000000000 1.000000000
1645868761.015205860 -0.999647406 -0.012520659 0.023415726 21.779833896 0.012462971 -0.999918933 -0.002607950 22.372687043 0.023446481 -0.002315201 0.999722413 -0.105198273 0.000000000 0.000000000 0.000000000 1.000000000
1645868761.815019608 -0.999884300 -0.001870799 0.015095914 21.267136353 0.001735614 -0.999958323 -0.008963220 22.356652514 0.015112054 -0.008935982 0.999845875 -0.076516904 0.000000000 0.000000000 0.000000000 1.000000000
1645868762.515016556 -0.999000602 -0.042620834 0.013463330 20.733848519 0.042573685 -0.999086218 -0.003769536 22.342492566 0.013611688 -0.003192585 0.999902260 -0.093445429 0.000000000 0.000000000 0.000000000 1.000000000
1645868763.314878941 -0.999410444 -0.032357879 0.011477490 20.173893699 0.032323673 -0.999472479 -0.003153439 22.308825581 0.011573474 -0.002780585 0.999929159 -0.079426974 0.000000000 0.000000000 0.000000000 1.000000000
1645868764.114828587 -0.999029982 -0.043459306 0.007098175 19.635782388 0.043445982 -0.999053734 -0.002020705 22.274245457 0.007179277 -0.001710357 0.999972766 -0.035485805 0.000000000 0.000000000 0.000000000 1.000000000
1645868764.914893627 -0.999321127 -0.034419181 0.013137903 19.120996104 0.034326526 -0.999384634 -0.007214138 22.264217997 0.013378123 -0.006758262 0.999887670 -0.019345360 0.000000000 0.000000000 0.000000000 1.000000000
1645868765.714773655 -0.999860957 -0.008297514 0.014464398 18.592459911 0.008274280 -0.999964381 -0.001665373 22.277463691 0.014477701 -0.001545459 0.999893998 -0.008664775 0.000000000 0.000000000 0.000000000 1.000000000
1645868766.514937878 -0.999727680 -0.016329392 0.016670859 18.027078314 0.016315058 -0.999866405 -0.000995462 22.276517377 0.016684887 -0.000723205 0.999860536 -0.018307724 0.000000000 0.000000000 0.000000000 1.000000000
1645868767.314908743 -0.998795134 -0.044874488 0.019863564 17.491160600 0.044718118 -0.998965597 -0.008247823 22.258560283 0.020213133 -0.007349624 0.999768679 -0.021048142 0.000000000 0.000000000 0.000000000 1.000000000
1645868768.115099430 -0.996123498 -0.087462200 0.009398931 16.928141078 0.087337885 -0.996095079 -0.012910737 22.269949241 0.010491430 -0.012039805 0.999872478 0.024486409 0.000000000 0.000000000 0.000000000 1.000000000
1645868768.814785242 -0.998008114 -0.060257065 0.018678624 16.412859863 0.060160266 -0.998172444 -0.005702119 22.293343127 0.018988080 -0.004567050 0.999809279 -0.008637117 0.000000000 0.000000000 0.000000000 1.000000000
1645868769.514831066 -0.999144383 -0.039592745 0.011954743 15.891381381 0.039479137 -0.999174333 -0.009594291 22.303393928 0.012324737 -0.009114119 0.999882510 0.031785221 0.000000000 0.000000000 0.000000000 1.000000000
1645868770.214710951 -0.999682579 -0.022091657 0.012111987 15.331090402 0.021948109 -0.999688771 -0.011859281 22.295984486 0.012370208 -0.011589682 0.999856318 -0.011351692 0.000000000 0.000000000 0.000000000 1.000000000
1645868770.914807558 -0.999841645 -0.016314778 0.007107269 14.772505838 0.016203569 -0.999749594 -0.015433525 22.301464438 0.007357283 -0.015315918 0.999855636 0.005502299 0.000000000 0.000000000 0.000000000 1.000000000
1645868771.615043879 -0.999602793 -0.015463335 0.023561453 14.215140068 0.015233641 -0.999834977 -0.009897235 22.312362796 0.023710609 -0.009534377 0.999673398 0.026462572 0.000000000 0.000000000 0.000000000 1.000000000
1645868772.314955950 -0.999411610 -0.020660030 0.027378760 13.672518921 0.020521842 -0.999775257 -0.005318710 22.356748294 0.027482491 -0.004753718 0.999610982 0.039860688 0.000000000 0.000000000 0.000000000 1.000000000
1645868773.014866352 -0.999085624 -0.038216874 0.019167332 13.118332908 0.038102733 -0.999254060 -0.006285352 22.336207643 0.019393241 -0.005549277 0.999796533 0.050721997 0.000000000 0.000000000 0.000000000 1.000000000
1645868773.815112829 -0.998387379 -0.050085378 0.026722583 12.553372466 0.049955238 -0.998736225 -0.005515995 22.329190158 0.026965082 -0.004172167 0.999627669 0.042738686 0.000000000 0.000000000 0.000000000 1.000000000
1645868774.714887619 -0.998756466 -0.041667331 0.027374361 12.007116014 0.041588773 -0.999128914 -0.003433127 22.353242182 0.027493565 -0.002290391 0.999619357 0.037039183 0.000000000 0.000000000 0.000000000 1.000000000
1645868775.614886284 -0.998389613 -0.051632284 0.023500825 11.470035622 0.051573319 -0.998664372 -0.003108683 22.401920959 0.023629945 -0.001891661 0.999718984 0.081061208 0.000000000 0.000000000 0.000000000 1.000000000
1645868776.514897823 -0.996346479 -0.080859202 0.027486068 10.939199263 0.080801795 -0.996725069 -0.003194719 22.385606059 0.027654375 -0.000962123 0.999617082 0.088721591 0.000000000 0.000000000 0.000000000 1.000000000
1645868777.314850807 -0.996084244 -0.083841337 0.028050125 10.434334233 0.083770409 -0.996478226 -0.003696309 22.421651987 0.028261242 -0.001332064 0.999599684 0.078586304 0.000000000 0.000000000 0.000000000 1.000000000
1645868778.115111589 -0.996683205 -0.076261651 0.028403342 9.889398304 0.076182110 -0.997086396 -0.003873665 22.459831525 0.028615998 -0.001696990 0.999589038 0.081233178 0.000000000 0.000000000 0.000000000 1.000000000
1645868778.815372944 -0.997942360 -0.059221073 0.024574588 9.390646179 0.059207685 -0.998244875 -0.001272679 22.462038642 0.024606826 0.000184944 0.999697189 0.120178929 0.000000000 0.000000000 0.000000000 1.000000000
1645868779.515012503 -0.998801996 -0.041024464 0.026675199 8.867440327 0.040957229 -0.999156208 -0.003062262 22.471048960 0.026778318 -0.001966051 0.999639463 0.104810964 0.000000000 0.000000000 0.000000000 1.000000000
1645868780.314761639 -0.999350295 -0.025393505 0.025576512 8.344905315 0.025430014 -0.999675996 0.001103150 22.466176648 0.025540213 0.001752844 0.999672259 0.118739745 0.000000000 0.000000000 0.000000000 1.000000000
1645868781.114802599 -0.999568938 -0.012924149 0.026361025 7.815174212 0.012932777 -0.999916356 0.000156828 22.464735308 0.026356793 0.000497682 0.999652475 0.121895344 0.000000000 0.000000000 0.000000000 1.000000000
1645868781.914971590 -0.999696957 0.003946121 0.024298587 7.254668391 -0.003938714 -0.999992181 0.000352700 22.460864764 0.024299788 0.000256888 0.999704684 0.142960784 0.000000000 0.000000000 0.000000000 1.000000000
1645868782.714915276 -0.998986640 0.038279252 0.023672582 6.697181871 -0.038362302 -0.999259199 -0.003063976 22.427526226 0.023537759 -0.003969006 0.999715070 0.167814340 0.000000000 0.000000000 0.000000000 1.000000000
1645868783.514945745 -0.995405432 0.092888396 0.023232996 6.184567156 -0.092972581 -0.995665359 -0.002567631 22.371025268 0.022893786 -0.004715866 0.999726780 0.165830274 0.000000000 0.000000000 0.000000000 1.000000000
1645868784.315351009 -0.988008513 0.152217074 0.025867748 5.684543867 -0.152391325 -0.988308124 -0.004892372 22.283557665 0.024820603 -0.008775725 0.999653402 0.164896397 0.000000000 0.000000000 0.000000000 1.000000000
1645868785.215394497 -0.975003188 0.220768661 0.025099452 5.169064198 -0.220881731 -0.975298956 -0.001790776 22.158115821 0.024084123 -0.007290022 0.999683355 0.196322134 0.000000000 0.000000000 0.000000000 1.000000000
1645868786.115027666 -0.959335756 0.280743584 0.029290730 4.676257799 -0.280948868 -0.959717856 -0.003061164 21.996099768 0.027251435 -0.011165881 0.999566247 0.189753725 0.000000000 0.000000000 0.000000000 1.000000000
1645868787.114867687 -0.939464831 0.341780485 0.024329641 4.196813701 -0.342057474 -0.939643361 -0.008187688 21.853132378 0.020062793 -0.016014180 0.999670461 0.222509084 0.000000000 0.000000000 0.000000000 1.000000000
1645868788.115023136 -0.920892444 0.388920938 0.026412319 3.711241373 -0.389283442 -0.921062212 -0.010139236 21.633974351 0.020384028 -0.019619025 0.999599713 0.207973036 0.000000000 0.000000000 0.000000000 1.000000000
1645868789.215039015 -0.901161226 0.432834340 0.023725071 3.245735362 -0.433069249 -0.901343244 -0.005602013 21.422811100 0.018959689 -0.015322915 0.999702825 0.245937567 0.000000000 0.000000000 0.000000000 1.000000000
1645868790.315005541 -0.876506778 0.480795250 0.023912271 2.746132440 -0.481096928 -0.876624284 -0.008695394 21.173084686 0.016781373 -0.019125692 0.999676244 0.247787341 0.000000000 0.000000000 0.000000000 1.000000000
1645868791.215012789 -0.847061131 0.530544395 0.031781834 2.303784179 -0.530990882 -0.847347644 -0.007117077 20.935692970 0.023154337 -0.022904463 0.999469490 0.257586006 0.000000000 0.000000000 0.000000000 1.000000000
1645868792.214842319 -0.805890315 0.591000050 0.035492837 1.852802052 -0.591463237 -0.806325320 -0.003273609 20.673515848 0.026684069 -0.023630878 0.999364569 0.286945724 0.000000000 0.000000000 0.000000000 1.000000000
1645868793.414729118 -0.758995546 0.650201314 0.034117623 1.477276392 -0.650541917 -0.759468976 0.001445266 20.308459423 0.026850990 -0.021097994 0.999416779 0.311571816 0.000000000 0.000000000 0.000000000 1.000000000
1645868794.615314007 -0.687636673 0.725252816 0.034119782 1.104311879 -0.725638166 -0.688074751 0.001545629 19.922574286 0.024597932 -0.023695785 0.999416556 0.316289448 0.000000000 0.000000000 0.000000000 1.000000000
1645868795.715060234 -0.589910116 0.807107583 0.024153767 0.756807297 -0.807073315 -0.590293492 0.013647572 19.521708375 0.025272870 -0.011443021 0.999615096 0.323469800 0.000000000 0.000000000 0.000000000 1.000000000
1645868796.714868307 -0.525323601 0.850793786 0.013603215 0.451226774 -0.850562796 -0.525498464 0.019856865 19.091658815 0.024042566 -0.001139109 0.999710287 0.360775204 0.000000000 0.000000000 0.000000000 1.000000000
1645868797.714786530 -0.530604177 0.847596160 0.006321185 0.142743172 -0.847390666 -0.530619398 0.019290230 18.658072709 0.019704468 0.004878963 0.999793944 0.355325873 0.000000000 0.000000000 0.000000000 1.000000000
1645868798.715144157 -0.523523032 0.851893439 -0.014184595 -0.205591020 -0.851915411 -0.523141371 0.023732636 18.236669332 0.012797129 0.024508656 0.999617707 0.373531957 0.000000000 0.000000000 0.000000000 1.000000000
1645868799.715280056 -0.519612231 0.853929872 -0.028406027 -0.544423556 -0.854389029 -0.519132329 0.022825681 17.822132752 0.004745044 0.036130301 0.999335822 0.352535700 0.000000000 0.000000000 0.000000000 1.000000000
1645868800.714865446 -0.512596912 0.857945177 -0.034270682 -0.883340462 -0.858578952 -0.511725814 0.031286978 17.413509424 0.009305319 0.045461694 0.998922742 0.349978923 0.000000000 0.000000000 0.000000000 1.000000000
1645868802.014967203 -0.494591780 0.868743650 -0.025757366 -1.202249417 -0.868691027 -0.493190596 0.046248620 16.991182024 0.027474904 0.045249380 0.998597829 0.386058928 0.000000000 0.000000000 0.000000000 1.000000000
1645868803.115586519 -0.474406845 0.880059052 -0.020837709 -1.495403105 -0.880238888 -0.473946258 0.023546660 16.547445100 0.010846497 0.029512859 0.999505550 0.409554220 0.000000000 0.000000000 0.000000000 1.000000000
1645868804.015842438 -0.461229957 0.886980735 -0.023067365 -1.787586605 -0.887139066 -0.460536096 0.029845975 16.111878285 0.015849451 0.034229819 0.999288304 0.410535180 0.000000000 0.000000000 0.000000000 1.000000000
1645868804.915635824 -0.439279803 0.898265317 -0.012356137 -2.073213054 -0.898027385 -0.438711617 0.032847112 15.664129930 0.024084641 0.025525223 0.999384007 0.439806444 0.000000000 0.000000000 0.000000000 1.000000000
1645868805.815610170 -0.415683076 0.909276785 -0.020574474 -2.346281344 -0.909127127 -0.414746061 0.038387141 15.204790428 0.026371354 0.034661697 0.999051109 0.430847240 0.000000000 0.000000000 0.000000000 1.000000000
1645868806.615960121 -0.396294291 0.918040984 -0.012312048 -2.582542372 -0.917879248 -0.395843893 0.028377783 14.755284105 0.021178319 0.022546927 0.999521443 0.431182687 0.000000000 0.000000000 0.000000000 1.000000000
1645868807.415964127 -0.377179141 0.925991770 -0.016587286 -2.823527732 -0.926091824 -0.376915607 0.016987023 14.310086210 0.009477837 0.021768500 0.999718112 0.428839146 0.000000000 0.000000000 0.000000000 1.000000000
1645868808.315864801 -0.336881131 0.941518017 -0.007411284 -3.059343534 -0.941496084 -0.336770403 0.013069777 13.836138758 0.009809529 0.011380656 0.999887121 0.423882886 0.000000000 0.000000000 0.000000000 1.000000000
1645868809.116193771 -0.291585716 0.956517962 -0.007152560 -3.257584908 -0.956498820 -0.291490339 0.011974526 13.364623486 0.009368947 0.010333016 0.999902721 0.427826227 0.000000000 0.000000000 0.000000000 1.000000000
1645868810.016225338 -0.220073596 0.975436671 -0.009534815 -3.423848279 -0.975461256 -0.219992448 0.008869078 12.818149896 0.006553637 0.011252692 0.999915210 0.429329092 0.000000000 0.000000000 0.000000000 1.000000000
1645868810.815924883 -0.151623968 0.988428510 -0.004387763 -3.576097040 -0.988396413 -0.151575215 0.009873435 12.314828463 0.009094108 0.005833899 0.999941630 0.410780000 0.000000000 0.000000000 0.000000000 1.000000000
1645868811.716173649 -0.083662448 0.996415433 -0.012525124 -3.658278818 -0.996427541 -0.083504918 0.012612891 11.797295910 0.011521770 0.013535604 0.999842006 0.430356928 0.000000000 0.000000000 0.000000000 1.000000000
1645868812.715986013 -0.012693306 0.999890623 -0.007590975 -3.706415522 -0.999855427 -0.012606230 0.011410912 11.256682390 0.011313970 0.007734720 0.999906080 0.415358603 0.000000000 0.000000000 0.000000000 1.000000000
1645868813.616189241 0.039240090 0.999227290 -0.002244595 -3.761231920 -0.999226245 0.039245852 0.002583441 10.711333293 0.002669535 0.002141483 0.999994144 0.452481966 0.000000000 0.000000000 0.000000000 1.000000000
1645868814.416018963 0.023384443 0.999697351 -0.007640326 -3.784924392 -0.999710279 0.023426977 0.005525804 10.208195393 0.005703122 0.007508894 0.999955544 0.444122129 0.000000000 0.000000000 0.000000000 1.000000000
1645868815.216212988 0.013206667 0.999834427 -0.012518120 -3.818694120 -0.999851242 0.013343720 0.010928797 9.705208068 0.011094026 0.012371925 0.999861919 0.444353218 0.000000000 0.000000000 0.000000000 1.000000000
1645868816.116159678 0.024513002 0.999624965 -0.012208288 -3.873973293 -0.999620169 0.024663083 0.012298356 9.139840136 0.012594838 0.011902182 0.999849843 0.442849227 0.000000000 0.000000000 0.000000000 1.000000000
1645868817.016364336 0.024819474 0.999475738 -0.020790446 -3.923003109 -0.999584107 0.025116896 0.014168796 8.570052501 0.014683560 0.020430137 0.999683451 0.407443436 0.000000000 0.000000000 0.000000000 1.000000000
1645868817.915929556 0.036121199 0.999070904 -0.023507172 -3.939636508 -0.999274294 0.036393113 0.011244000 8.017346533 0.012089052 0.023083966 0.999660435 0.434932277 0.000000000 0.000000000 0.000000000 1.000000000
1645868818.816112518 0.046555553 0.998494523 -0.029004614 -3.962979020 -0.998834742 0.046901823 0.011374369 7.514366744 0.012717614 0.028441276 0.999514560 0.451588272 0.000000000 0.000000000 0.000000000 1.000000000
1645868819.716045618 0.054552385 0.998105643 -0.028445788 -4.014427105 -0.998346759 0.055037823 0.016570645 6.989381432 0.018104849 0.027494792 0.999457979 0.474606711 0.000000000 0.000000000 0.000000000 1.000000000
1645868820.516038656 0.039937466 0.998850674 -0.026501523 -4.031662076 -0.999108897 0.040282100 0.012600211 6.489522571 0.013653267 0.025974687 0.999569359 0.477641483 0.000000000 0.000000000 0.000000000 1.000000000
1645868821.316012859 0.029272958 0.999231961 -0.026049609 -4.079097204 -0.999550728 0.029430235 0.005674735 5.965348180 0.006437022 0.025871790 0.999644544 0.441709358 0.000000000 0.000000000 0.000000000 1.000000000
1645868822.116145849 0.030665371 0.999187083 -0.026168843 -4.136488776 -0.999484396 0.030404181 -0.010321258 5.457115600 -0.009517226 0.026471856 0.999604253 0.466907909 0.000000000 0.000000000 0.000000000 1.000000000
1645868823.016405582 0.031734386 0.999308685 -0.019367007 -4.169196125 -0.999432701 0.031507757 -0.011896926 4.910850644 -0.011278490 0.019733562 0.999741658 0.454628247 0.000000000 0.000000000 0.000000000 1.000000000
1645868824.216132879 0.037530365 0.999285197 -0.004535022 -4.190637063 -0.999004964 0.037409643 -0.024281695 4.377342848 -0.024094685 0.005441810 0.999694870 0.439011593 0.000000000 0.000000000 0.000000000 1.000000000
1645868825.516149521 0.054899406 0.998488902 -0.002442903 -4.251299617 -0.998310597 0.054842654 -0.019189445 3.858039200 -0.019026472 0.003492265 0.999812881 0.415935698 0.000000000 0.000000000 0.000000000 1.000000000
1645868826.716358185 0.071706954 0.997402071 -0.006871806 -4.267294347 -0.997368315 0.071627193 -0.011224524 3.356490658 -0.010703155 0.007658598 0.999913390 0.428373442 0.000000000 0.000000000 0.000000000 1.000000000
1645868827.916293383 0.169417620 0.985503996 -0.008918781 -4.236003282 -0.985462148 0.169279670 -0.014448151 2.820604794 -0.012728942 0.011236893 0.999855843 0.379169136 0.000000000 0.000000000 0.000000000 1.000000000
1645868829.116069794 0.324925700 0.945726193 -0.005025723 -4.113434295 -0.945516050 0.324728804 -0.023464931 2.315064706 -0.020559403 0.012376261 0.999712028 0.387260210 0.000000000 0.000000000 0.000000000 1.000000000
1645868830.515918970 0.501001125 0.865439714 -0.003460281 -3.905938422 -0.865421816 0.500952476 -0.009575888 1.856926020 -0.006553917 0.007792133 0.999948163 0.373548366 0.000000000 0.000000000 0.000000000 1.000000000
1645868832.116075754 0.652800164 0.757527465 0.002021211 -3.537619102 -0.757528448 0.652802039 -0.000384954 1.478401090 -0.001611064 -0.001279827 0.999997883 0.360918144 0.000000000 0.000000000 0.000000000 1.000000000
1645868833.316162586 0.757244276 0.653111580 0.005135228 -3.143368191 -0.653130062 0.757236865 0.003667867 1.179279618 -0.001493058 -0.006131444 0.999980088 0.276196898 0.000000000 0.000000000 0.000000000 1.000000000
1645868834.715999126 0.853721494 0.520679967 -0.007209906 -2.819534164 -0.520716709 0.853716549 -0.004707742 0.795510585 0.003703989 0.007773419 0.999962927 0.247530272 0.000000000 0.000000000 0.000000000 1.000000000
1645868836.016062260 0.920554182 0.390576307 -0.005490568 -2.391383348 -0.390601975 0.920547120 -0.004805886 0.490745803 0.003177262 0.006568706 0.999973378 0.201083555 0.000000000 0.000000000 0.000000000 1.000000000
1645868837.316167831 0.967092359 0.254367844 -0.005419419 -1.889610493 -0.254392702 0.967090407 -0.004527553 0.260622469 0.004089404 0.005757222 0.999975065 0.132085097 0.000000000 0.000000000 0.000000000 1.000000000
1645868838.616115093 0.990996637 0.133886122 0.000413825 -1.393323831 -0.133879414 0.990969896 -0.007414043 0.116262983 -0.001402725 0.007291889 0.999972430 0.093225296 0.000000000 0.000000000 0.000000000 1.000000000
1645868839.916186810 0.999913324 0.012312750 -0.004662693 -0.863303184 -0.012300437 0.999920808 0.002660304 0.000335746 0.004695079 -0.002602720 0.999985591 0.011292336 0.000000000 0.000000000 0.000000000 1.000000000
1645868841.215598106 0.997907292 -0.064580834 -0.003217551 -0.323453513 0.064599708 0.997892275 0.006155064 -0.020502118 0.002813270 -0.006350036 0.999975881 -0.032307036 0.000000000 0.000000000 0.000000000 1.000000000
1645868848.816061497 0.999883892 -0.013689151 -0.006694001 0.201619414 0.013722181 0.999893775 0.004913354 0.040888562 0.006626030 -0.005004639 0.999965524 -0.009481555 0.000000000 0.000000000 0.000000000 1.000000000
1645868850.016152620 0.999651698 -0.024846043 -0.008896974 0.717643412 0.024894478 0.999675633 0.005375310 0.054307148 0.008760533 -0.005594923 0.999945973 -0.000656304 0.000000000 0.000000000 0.000000000 1.000000000
1645868851.016131878 0.999416168 -0.032047742 -0.011843401 1.259388174 0.032095774 0.999477236 0.003887960 0.073283290 0.011712610 -0.004265813 0.999922306 0.007786300 0.000000000 0.000000000 0.000000000 1.000000000
1645868851.916056871 0.999856143 -0.015538047 -0.006801603 1.760329888 0.015520185 0.999875987 -0.002671172 0.097080982 0.006842264 0.002565225 0.999973301 -0.015758356 0.000000000 0.000000000 0.000000000 1.000000000
1645868852.916119337 0.999659774 -0.023789488 -0.010695645 2.299922608 0.023804014 0.999715884 0.001232859 0.173029317 0.010663277 -0.001487039 0.999942040 0.007124906 0.000000000 0.000000000 0.000000000 1.000000000
1645868853.915624380 0.999936982 0.008568758 -0.007253135 2.849005678 -0.008571907 0.999963179 -0.000403083 0.210888490 0.007249414 0.000465231 0.999973614 0.001946717 0.000000000 0.000000000 0.000000000 1.000000000
1645868854.815703392 0.999597410 0.027922839 -0.005033251 3.375921178 -0.027947377 0.999597519 -0.004872732 0.223278483 0.004895165 0.005011437 0.999975461 0.015086455 0.000000000 0.000000000 0.000000000 1.000000000
1645868855.715279102 0.999949965 0.009637254 -0.002681681 3.918851104 -0.009645880 0.999948285 -0.003222587 0.258292738 0.002650485 0.003248293 0.999991212 -0.003537147 0.000000000 0.000000000 0.000000000 1.000000000
1645868856.615322113 0.999193847 -0.040105549 -0.001789291 4.445059331 0.040085282 0.999144158 -0.010204051 0.329052237 0.002196999 0.010124100 0.999946336 0.019218105 0.000000000 0.000000000 0.000000000 1.000000000
1645868857.415215492 0.996245288 -0.086531971 -0.002746726 4.982513735 0.086482030 0.996142396 -0.014872335 0.386145392 0.004023063 0.014578952 0.999885628 0.004280575 0.000000000 0.000000000 0.000000000 1.000000000
1645868858.214861393 0.992459093 -0.122576237 -0.000119235 5.494923349 0.122568369 0.992405510 -0.010406640 0.545548779 0.001393936 0.010313550 0.999945842 0.012605669 0.000000000 0.000000000 0.000000000 1.000000000
1645868859.114879847 0.988678791 -0.150012296 -0.003249501 5.982004477 0.149962933 0.988616847 -0.012159337 0.660964464 0.005036562 0.011534374 0.999920792 0.000176267 0.000000000 0.000000000 0.000000000 1.000000000
1645868860.214946032 0.985214441 -0.171275657 0.004141866 6.497806737 0.171310445 0.985161547 -0.010462206 0.779454049 -0.002288486 0.011017062 0.999936692 0.008571902 0.000000000 0.000000000 0.000000000 1.000000000
1645868861.314845085 0.983830295 -0.178945866 0.007505225 7.006769533 0.179003826 0.983816433 -0.007928235 0.923768735 -0.005965038 0.009143501 0.999940406 0.002245489 0.000000000 0.000000000 0.000000000 1.000000000
1645868862.614901304 0.983499160 -0.180912658 0.000109109 7.498941478 0.180909581 0.983478542 -0.006456083 1.074720945 0.001060680 0.006369291 0.999979153 -0.013890890 0.000000000 0.000000000 0.000000000 1.000000000
